1 1 0 428 4 481 942
2 3 50 478 6 537 998
3 5 73 534 8 593 1054
4 7 96 590 2 886 1314
5 1 428 856 4 942 1370
6 3 478 939 6 998 1426
7 5 534 995 8 1054 1482
8 7 590 1051 2 1314 1742
9 1 856 1284 4 1370 1798
10 3 939 1367 6 1426 1854
11 5 995 1423 8 1482 1910
12 7 1051 1479 2 1742 2170
13 1 1284 1712 4 1798 2226
14 3 1367 1795 6 1854 2282
15 5 1423 1851 8 1910 2338
16 7 1479 1907 2 2170 2598
17 1 1712 2140 4 2226 2654
18 3 1795 2223 6 2282 2710
19 5 1851 2279 8 2338 2766
20 7 1907 2335 2 2598 3026
21 1 2140 2568 4 2654 3082
22 3 2223 2651 6 2710 3138
23 5 2279 2707 8 2766 3194
24 7 2335 2763 2 3026 3454
25 1 2568 2996 4 3082 3510
26 3 2651 3079 6 3138 3566
27 5 2707 3135 8 3194 3622
28 7 2763 3191 2 3454 3882
29 1 2996 3424 4 3510 3938
30 3 3079 3507 6 3566 3994
31 5 3135 3563 8 3622 4050
32 7 3191 3619 2 3882 4310
33 1 3424 3852 4 3938 4366
34 3 3507 3935 6 3994 4422
35 5 3563 3991 8 4050 4478
36 7 3619 4047 2 4310 4738
37 1 3852 4280 4 4366 4794
38 3 3935 4363 6 4422 4850
39 5 3991 4419 8 4478 4906
40 7 4047 4475 2 4738 5166
41 1 4280 4708 4 4794 5222
42 3 4363 4791 6 4850 5278
43 5 4419 4847 8 4906 5334
44 7 4475 4903 2 5166 5594
45 1 4708 5136 4 5222 5650
46 3 4791 5219 6 5278 5706
47 5 4847 5275 8 5334 5762
48 7 4903 5331 2 5594 6022
49 1 5136 5564 4 5650 6078
50 3 5219 5647 6 5706 6134
51 5 5275 5703 8 5762 6190
52 7 5331 5759 2 6022 6450
53 1 5564 5992 4 6078 6506
54 3 5647 6075 6 6134 6562
55 5 5703 6131 8 6190 6618
56 7 5759 6187 2 6450 6878
57 1 5992 6420 4 6506 6934
58 3 6075 6503 6 6562 6990
59 5 6131 6559 8 6618 7046
60 7 6187 6615 2 6878 7306
61 1 6420 6848 4 6934 7362
62 3 6503 6931 6 6990 7418
63 5 6559 6987 8 7046 7474
64 7 6615 7043 2 7306 7734
65 1 6848 7276 4 7362 7790
66 3 6931 7359 6 7418 7846
67 5 6987 7415 8 7474 7902
68 7 7043 7471 2 7734 8162
69 1 7276 7704 4 7790 8218
70 3 7359 7787 6 7846 8274
71 5 7415 7843 8 7902 8330
72 7 7471 7899 2 8162 8590
73 1 7704 8132 4 8218 8646
74 3 7787 8215 6 8274 8702
75 5 7843 8271 8 8330 8758
76 7 7899 8327 2 8590 9018
77 1 8132 8560 4 8646 9074
78 3 8215 8643 6 8702 9130
79 5 8271 8699 8 8758 9186
80 7 8327 8755 2 9018 9446
81 1 8560 8988 4 9074 9502
82 3 8643 9071 6 9130 9558
83 5 8699 9127 8 9186 9614
84 7 8755 9183 2 9446 9874
85 1 8988 9416 4 9502 9930
86 3 9071 9499 6 9558 9986
87 5 9127 9555 8 9614 10042
88 7 9183 9611 2 9874 10302
89 1 9416 9844 4 9930 10358
90 3 9499 9927 6 9986 10414
91 5 9555 9983 8 10042 10470
92 7 9611 10039 2 10302 10730
93 1 9844 10272 4 10358 10786
94 3 9927 10355 6 10414 10842
95 5 9983 10411 8 10470 10898
96 7 10039 10467 2 10730 11158
97 1 10272 10700 4 10786 11214
98 3 10355 10783 6 10842 11270
99 5 10411 10839 8 10898 11326
100 7 10467 10895 2 11158 11586
101 1 10700 11128 4 11214 11642
102 3 10783 11211 6 11270 11698
103 5 10839 11267 8 11326 11754
104 7 10895 11323 2 11586 12014
105 1 11128 11556 4 11642 12070
106 3 11211 11639 6 11698 12126
107 5 11267 11695 8 11754 12182
108 7 11323 11751 2 12014 12442
109 1 11556 11984 4 12070 12498
110 3 11639 12067 6 12126 12554
111 5 11695 12123 8 12182 12610
112 7 11751 12179 2 12442 12870
113 1 11984 12412 4 12498 12926
114 3 12067 12495 6 12554 12982
115 5 12123 12551 8 12610 13038
116 7 12179 12607 2 12870 13298
117 1 12412 12840 4 12926 13354
118 3 12495 12923 6 12982 13410
119 5 12551 12979 8 13038 13466
120 7 12607 13035 2 13298 13726
121 1 12840 13268 4 13354 13782
122 3 12923 13351 6 13410 13838
123 5 12979 13407 8 13466 13894
124 7 13035 13463 2 13726 14154
125 1 13268 13696 4 13782 14210
126 3 13351 13779 6 13838 14266
127 5 13407 13835 8 13894 14322
128 7 13463 13891 2 14154 14582
129 1 13696 14124 4 14210 14638
130 3 13779 14207 6 14266 14694
131 5 13835 14263 8 14322 14750
132 7 13891 14319 2 14582 15010
133 1 14124 14552 4 14638 15066
134 3 14207 14635 6 14694 15122
135 5 14263 14691 8 14750 15178
136 7 14319 14747 2 15010 15438
137 1 14552 14980 4 15066 15494
138 3 14635 15063 6 15122 15550
139 5 14691 15119 8 15178 15606
140 7 14747 15175 2 15438 15866
141 1 14980 15408 4 15494 15922
142 3 15063 15491 6 15550 15978
143 5 15119 15547 8 15606 16034
144 7 15175 15603 2 15866 16294
145 1 15408 15836 4 15922 16350
146 3 15491 15919 6 15978 16406
147 5 15547 15975 8 16034 16462
148 7 15603 16031 2 16294 16722
149 1 15836 16264 4 16350 16778
150 3 15919 16347 6 16406 16834
151 5 15975 16403 8 16462 16890
152 7 16031 16459 2 16722 17150
153 1 16264 16692 4 16778 17206
154 3 16347 16775 6 16834 17262
155 5 16403 16831 8 16890 17318
156 7 16459 16887 2 17150 17578
157 1 16692 17120 4 17206 17634
158 3 16775 17203 6 17262 17690
159 5 16831 17259 8 17318 17746
160 7 16887 17315 2 17578 18006
161 1 17120 17548 4 17634 18062
162 3 17203 17631 6 17690 18118
163 5 17259 17687 8 17746 18174
164 7 17315 17743 2 18006 18434
165 1 17548 17976 4 18062 18490
166 3 17631 18059 6 18118 18546
167 5 17687 18115 8 18174 18602
168 7 17743 18171 2 18434 18862
169 1 17976 18404 4 18490 18918
170 3 18059 18487 6 18546 18974
171 5 18115 18543 8 18602 19030
172 7 18171 18599 2 18862 19290
173 1 18404 18832 4 18918 19346
174 3 18487 18915 6 18974 19402
175 5 18543 18971 8 19030 19458
176 7 18599 19027 2 19290 19718
177 1 18832 19260 4 19346 19774
178 3 18915 19343 6 19402 19830
179 5 18971 19399 8 19458 19886
180 7 19027 19455 2 19718 20146
181 1 19260 19688 4 19774 20202
182 3 19343 19771 6 19830 20258
183 5 19399 19827 8 19886 20314
184 7 19455 19883 2 20146 20574
185 1 19688 20116 4 20202 20630
186 3 19771 20199 6 20258 20686
187 5 19827 20255 8 20314 20742
188 7 19883 20311 2 20574 21002
189 1 20116 20544 4 20630 21058
190 3 20199 20627 6 20686 21114
191 5 20255 20683 8 20742 21170
192 7 20311 20739 2 21002 21430
193 1 20544 20972 4 21058 21486
194 3 20627 21055 6 21114 21542
195 5 20683 21111 8 21170 21598
196 7 20739 21167 2 21430 21858
197 1 20972 21400 4 21486 21914
198 3 21055 21483 6 21542 21970
199 5 21111 21539 8 21598 22026
200 7 21167 21595 2 21858 22286
201 1 21400 21828 4 21914 22342
202 3 21483 21911 6 21970 22398
203 5 21539 21967 8 22026 22454
204 7 21595 22023 2 22286 22714
205 1 21828 22256 4 22342 22770
206 3 21911 22339 6 22398 22826
207 5 21967 22395 8 22454 22882
208 7 22023 22451 2 22714 23142
209 1 22256 22684 4 22770 23198
210 3 22339 22767 6 22826 23254
211 5 22395 22823 8 22882 23310
212 7 22451 22879 2 23142 23570
213 1 22684 23112 4 23198 23626
214 3 22767 23195 6 23254 23682
215 5 22823 23251 8 23310 23738
216 7 22879 23307 2 23570 23998
217 1 23112 23540 4 23626 24054
218 3 23195 23623 6 23682 24110
219 5 23251 23679 8 23738 24166
220 7 23307 23735 2 23998 24426
221 1 23540 23968 4 24054 24482
222 3 23623 24051 6 24110 24538
223 5 23679 24107 8 24166 24594
224 7 23735 24163 2 24426 24854
225 1 23968 24396 4 24482 24910
226 3 24051 24479 6 24538 24966
227 5 24107 24535 8 24594 25022
228 7 24163 24591 2 24854 25282
229 1 24396 24824 4 24910 25338
230 3 24479 24907 6 24966 25394
231 5 24535 24963 8 25022 25450
232 7 24591 25019 2 25282 25710
233 1 24824 25252 4 25338 25766
234 3 24907 25335 6 25394 25822
235 5 24963 25391 8 25450 25878
236 7 25019 25447 2 25710 26138
237 1 25252 25680 4 25766 26194
238 3 25335 25763 6 25822 26250
239 5 25391 25819 8 25878 26306
240 7 25447 25875 2 26138 26566
241 1 25680 26108 4 26194 26622
242 3 25763 26191 6 26250 26678
243 5 25819 26247 8 26306 26734
244 7 25875 26303 2 26566 26994
245 1 26108 26536 4 26622 27050
246 3 26191 26619 6 26678 27106
247 5 26247 26675 8 26734 27162
248 7 26303 26731 2 26994 27422
249 1 26536 26964 4 27050 27478
250 3 26619 27047 6 27106 27534
251 5 26675 27103 8 27162 27590
252 7 26731 27159 2 27422 27850
253 1 26964 27392 4 27478 27906
254 3 27047 27475 6 27534 27962
255 5 27103 27531 8 27590 28018
256 7 27159 27587 2 27850 28278
257 1 27392 27820 4 27906 28334
258 3 27475 27903 6 27962 28390
259 5 27531 27959 8 28018 28446
260 7 27587 28015 2 28278 28706
