1 1 0 428
2 3 48 507
3 5 96 586
4 7 144 665
5 1 428 856
7 5 586 1064
8 7 665 1168
9 1 856 1298
10 3 960 1402
11 5 1064 1557
12 7 1168 1661
13 1 1298 1791
14 3 1402 2064
15 5 1557 1985
16 7 1661 2181
17 1 1791 2311
18 5 1985 2428
19 3 2064 2532
20 7 2181 2649
21 1 2311 2779
22 5 2428 2896
23 3 2532 3000
24 7 2649 3117
25 1 2779 3247
26 5 2896 3364
27 3 3000 3468
28 7 3117 3585
29 1 3247 3715
30 5 3364 3832
31 3 3468 3936
32 7 3585 4053
33 1 3715 4183
34 5 3832 4300
35 3 3936 4404
36 7 4053 4521
37 1 4183 4651
38 5 4300 4768
39 3 4404 4872
40 7 4521 4989
41 1 4651 5119
42 5 4768 5236
43 3 4872 5340
44 7 4989 5457
45 1 5119 5587
46 5 5236 5704
47 3 5340 5808
48 7 5457 5925
49 1 5587 6055
50 5 5704 6172
51 3 5808 6276
52 7 5925 6393
53 1 6055 6523
54 5 6172 6640
55 3 6276 6744
56 7 6393 6861
57 1 6523 6991
58 5 6640 7108
59 3 6744 7212
60 7 6861 7329
61 1 6991 7459
62 5 7108 7576
63 3 7212 7680
64 7 7329 7797
65 1 7459 7927
66 5 7576 8044
67 3 7680 8148
68 7 7797 8265
69 1 7927 8395
70 5 8044 8512
71 3 8148 8616
72 7 8265 8733
73 1 8395 8863
74 5 8512 8980
75 3 8616 9084
76 7 8733 9201
77 1 8863 9331
78 5 8980 9448
79 3 9084 9552
80 7 9201 9669
81 1 9331 9799
82 5 9448 9916
83 3 9552 10020
84 7 9669 10137
86 5 9916 10384
87 3 10020 10488
88 7 10137 10605
89 1 10267 10735
90 5 10384 11326
91 3 10488 10916
92 7 10605 11033
93 1 10735 11163
94 3 10916 11715
95 7 11033 11461
96 1 11163 11591
97 5 11326 11871
98 7 11461 11950
99 1 11591 12080
100 3 11715 12184
101 5 11871 12321
102 7 11950 12425
104 3 12184 12612
105 5 12321 12749
107 3 12612 13040
108 5 12749 13177
109 7 12853 13281
110 3 13040 13468
111 5 13177 13605
112 7 13281 13709
113 1 13411 13839
114 3 13468 13943
115 5 13605 14047
116 7 13709 14151
117 1 13839 14281
118 3 13943 14385
119 5 14047 14489
120 7 14151 14593
121 1 14281 14723
122 3 14385 14827
123 5 14489 14931
124 7 14593 15035
125 1 14723 15165
126 3 14827 15269
127 5 14931 15373
128 7 15035 15477
129 1 15165 15607
130 3 15269 15711
131 5 15373 15815
132 7 15477 15919
133 1 15607 16049
134 3 15711 16153
135 5 15815 16257
136 7 15919 16361
137 1 16049 16491
138 3 16153 16595
139 5 16257 16699
140 7 16361 16803
141 1 16491 16933
142 3 16595 17037
143 5 16699 17141
144 7 16803 17245
145 1 16933 17375
146 3 17037 17479
147 5 17141 17583
148 7 17245 17687
149 1 17375 17817
150 3 17479 17921
151 5 17583 18025
152 7 17687 18129
153 1 17817 18259
154 3 17921 18363
155 5 18025 18467
156 7 18129 18571
157 1 18259 18701
158 3 18363 18805
159 5 18467 18909
160 7 18571 19013
161 1 18701 19143
162 3 18805 19247
163 5 18909 19351
164 7 19013 19455
165 1 19143 19585
166 3 19247 19689
167 5 19351 19793
168 7 19455 19897
169 1 19585 20027
170 3 19689 20131
171 5 19793 20235
172 7 19897 20339
173 1 20027 20469
174 3 20131 20573
175 5 20235 20677
176 7 20339 20781
177 1 20469 20911
178 3 20573 21015
179 5 20677 21119
181 1 20911 21339
182 3 21015 21443
183 5 21119 21547
184 1 21339 21767
185 3 21443 21871
186 5 21547 21975
187 1 21767 22195
188 3 21871 22299
189 5 21975 22403
190 7 22079 22507
191 1 22195 22637
192 3 22299 22741
193 5 22403 22845
194 7 22507 22949
195 1 22637 23079
196 3 22741 23183
197 5 22845 23287
198 7 22949 23391
199 1 23079 23521
200 3 23183 23625
201 5 23287 23729
202 7 23391 23833
203 1 23521 23963
204 3 23625 24067
205 5 23729 24171
206 7 23833 24275
207 1 23963 24405
208 3 24067 24509
209 5 24171 24613
210 7 24275 24717
211 1 24405 24847
212 3 24509 24951
213 5 24613 25055
214 7 24717 25159
215 1 24847 25289
216 3 24951 25393
217 5 25055 25497
218 7 25159 25601
219 1 25289 25731
220 3 25393 25835
221 5 25497 25939
222 7 25601 26043
223 1 25731 26173
224 3 25835 26277
225 5 25939 26381
226 7 26043 26485
227 1 26173 26615
228 3 26277 26719
229 5 26381 26823
230 7 26485 26927
231 1 26615 27057
232 3 26719 27161
233 5 26823 27265
234 7 26927 27369
235 1 27057 27499
236 3 27161 27603
237 5 27265 27707
238 7 27369 27811
239 1 27499 27941
240 3 27603 28045
241 5 27707 28149
242 7 27811 28253
