1 1 0 588
2 2 30 621
3 3 83 674
4 4 86 677
5 5 139 730
6 6 142 733
7 7 195 786
8 8 198 789
9 1 588 1176
10 2 621 1212
11 3 674 1265
12 4 677 1268
13 5 730 1321
14 6 733 1324
15 7 786 1377
16 8 789 1380
17 1 1176 1764
18 2 1212 1803
19 3 1265 1856
20 4 1268 1859
21 5 1321 1912
22 6 1324 1915
23 7 1377 1968
24 8 1380 1971
25 1 1764 2352
26 2 1803 2394
27 3 1856 2447
28 4 1859 2450
29 5 1912 2503
30 6 1915 2506
31 7 1968 2559
32 8 1971 2562
33 1 2352 2940
34 2 2394 2985
35 3 2447 3038
36 4 2450 3041
37 5 2503 3094
38 6 2506 3097
39 7 2559 3150
40 8 2562 3153
41 1 2940 3528
42 2 2985 3576
43 3 3038 3629
44 4 3041 3632
45 5 3094 3685
46 6 3097 3688
47 7 3150 3741
48 8 3153 3744
49 1 3528 4116
50 2 3576 4167
51 3 3629 4220
52 4 3632 4223
53 5 3685 4276
54 6 3688 4279
55 7 3741 4332
56 8 3744 4335
57 1 4116 4704
58 2 4167 4758
59 3 4220 4811
60 4 4223 4814
61 5 4276 4867
62 6 4279 4870
63 7 4332 4923
64 8 4335 4926
65 1 4704 5292
66 2 4758 5349
67 3 4811 5402
68 4 4814 5405
70 6 4870 5461
71 7 4923 5514
72 8 4926 5517
73 1 5292 5880
74 2 5349 5940
75 3 5402 5993
76 4 5405 5996
77 6 5461 6052
78 7 5514 6105
79 8 5517 6108
80 1 5880 6468
81 2 5940 6531
82 3 5993 6584
83 4 5996 6587
84 6 6052 6643
85 7 6105 6696
86 8 6108 6699
87 5 6370 6958
88 1 6468 7056
89 2 6531 7122
90 3 6584 7175
91 4 6587 7178
92 6 6643 7234
93 7 6696 7287
94 8 6699 7290
95 5 6958 7546
96 1 7056 7644
97 2 7122 7713
98 3 7175 7766
99 4 7178 7769
100 6 7234 7825
101 7 7287 7878
102 8 7290 7881
103 5 7546 8134
104 1 7644 8232
105 2 7713 8304
106 3 7766 8357
107 4 7769 8360
108 6 7825 8416
109 7 7878 8469
110 8 7881 8472
111 5 8134 8722
112 1 8232 8820
113 2 8304 8895
114 3 8357 8948
115 4 8360 8951
116 6 8416 9007
117 7 8469 9060
119 5 8722 9310
120 1 8820 9448
121 2 8895 9486
122 3 8948 9539
123 4 8951 9542
124 6 9007 9598
125 7 9060 9651
126 5 9310 9898
127 8 9369 9960
128 1 9448 10039
129 2 9486 10077
130 3 9539 10130
131 4 9542 10133
132 6 9598 10189
133 7 9651 10242
134 5 9898 10486
135 8 9960 10551
136 1 10039 10630
137 2 10077 10668
138 3 10130 10721
139 4 10133 10724
140 6 10189 10780
141 7 10242 10833
142 5 10486 11074
143 8 10551 11142
144 1 10630 11221
145 2 10668 11259
146 3 10721 11312
147 4 10724 11315
148 6 10780 11371
149 7 10833 11424
150 5 11074 11662
151 8 11142 11733
152 1 11221 11812
153 2 11259 11850
154 3 11312 11903
155 4 11315 11906
156 6 11371 11962
157 7 11424 12015
158 5 11662 12250
159 8 11733 12324
160 1 11812 12403
161 2 11850 12441
162 3 11903 12494
163 4 11906 12497
164 6 11962 12553
165 7 12015 12606
166 5 12250 12838
167 8 12324 12915
168 1 12403 12994
169 2 12441 13032
170 3 12494 13085
171 4 12497 13088
172 6 12553 13144
173 7 12606 13197
174 5 12838 13426
175 8 12915 13506
176 1 12994 13585
177 2 13032 13623
178 3 13085 13676
179 4 13088 13679
180 6 13144 13735
181 7 13197 13788
182 5 13426 14014
183 8 13506 14097
184 1 13585 14176
185 2 13623 14214
186 3 13676 14267
187 4 13679 14270
188 6 13735 14326
189 7 13788 14379
190 5 14014 14602
191 8 14097 14688
192 1 14176 14767
193 2 14214 14805
194 3 14267 14858
195 4 14270 14861
196 6 14326 14917
197 7 14379 14970
198 5 14602 15190
199 8 14688 15279
200 1 14767 15358
201 2 14805 15396
202 3 14858 15449
203 4 14861 15452
204 6 14917 15508
205 7 14970 15561
206 5 15190 15778
207 8 15279 15870
208 1 15358 15949
209 2 15396 15987
210 3 15449 16040
211 4 15452 16043
212 6 15508 16099
213 7 15561 16152
214 5 15778 16366
215 8 15870 16461
216 1 15949 16540
217 2 15987 16578
218 3 16040 16631
219 4 16043 16634
220 6 16099 16690
221 7 16152 16743
222 5 16366 16954
223 8 16461 17052
224 1 16540 17131
225 2 16578 17169
226 3 16631 17222
227 4 16634 17225
228 6 16690 17281
229 7 16743 17334
230 5 16954 17542
231 8 17052 17643
232 1 17131 17722
233 2 17169 17760
234 3 17222 17813
235 4 17225 17816
236 6 17281 17872
237 7 17334 17925
238 5 17542 18130
239 8 17643 18234
240 1 17722 18313
241 2 17760 18351
242 3 17813 18404
243 4 17816 18407
244 6 17872 18463
245 7 17925 18516
246 5 18130 18718
247 8 18234 18825
248 1 18313 18904
249 2 18351 18942
250 3 18404 18995
251 4 18407 18998
252 6 18463 19054
253 7 18516 19107
254 5 18718 19306
255 8 18825 19416
256 1 18904 19495
257 2 18942 19533
258 3 18995 19586
259 4 18998 19589
260 6 19054 19645
261 7 19107 19698
262 5 19306 19894
263 8 19416 20007
264 1 19495 20086
265 2 19533 20124
266 3 19586 20177
267 4 19589 20180
268 6 19645 20236
269 7 19698 20289
270 5 19894 20482
271 8 20007 20598
272 1 20086 20677
273 2 20124 20715
274 3 20177 20768
275 4 20180 20771
276 6 20236 20827
277 7 20289 20880
278 5 20482 21070
279 8 20598 21189
280 1 20677 21268
281 2 20715 21306
282 3 20768 21359
283 4 20771 21362
284 6 20827 21418
285 7 20880 21471
286 5 21070 21658
287 8 21189 21780
288 1 21268 21859
289 2 21306 21897
290 3 21359 21950
291 4 21362 21953
292 6 21418 22009
293 7 21471 22062
294 5 21658 22246
295 8 21780 22371
296 1 21859 22450
297 2 21897 22488
298 3 21950 22541
299 4 21953 22544
300 6 22009 22600
301 7 22062 22653
302 5 22246 22834
303 8 22371 22962
304 1 22450 23041
305 2 22488 23079
306 3 22541 23132
307 4 22544 23135
308 6 22600 23191
309 7 22653 23244
310 5 22834 23422
311 8 22962 23553
312 1 23041 23632
313 2 23079 23670
314 3 23132 23723
315 4 23135 23726
316 6 23191 23782
317 7 23244 23835
318 5 23422 24010
319 8 23553 24144
320 1 23632 24223
321 2 23670 24261
322 3 23723 24314
323 4 23726 24317
324 6 23782 24373
325 7 23835 24426
326 5 24010 24598
327 8 24144 24735
328 1 24223 24814
329 2 24261 24852
330 3 24314 24905
331 4 24317 24908
332 6 24373 24964
333 7 24426 25017
334 5 24598 25186
335 8 24735 25326
336 1 24814 25405
337 2 24852 25443
338 3 24905 25496
339 4 24908 25499
340 6 24964 25555
341 7 25017 25608
342 5 25186 25774
343 8 25326 25917
344 1 25405 25996
345 2 25443 26034
346 3 25496 26087
347 4 25499 26090
348 6 25555 26146
350 5 25774 26362
351 8 25917 26508
352 1 25996 26587
353 2 26034 26625
354 3 26087 26678
355 4 26090 26681
356 6 26146 26737
357 5 26362 26950
358 8 26508 27099
359 1 26587 27178
360 2 26625 27216
361 3 26678 27269
363 6 26737 27328
364 7 26798 27386
365 5 26950 27538
366 8 27099 27690
367 1 27178 27769
368 2 27216 27807
369 3 27269 27860
370 6 27328 27942
371 7 27386 27974
372 5 27538 28126
373 8 27690 28281
374 1 27769 28360
375 2 27807 28398
376 3 27860 28451
377 4 27889 28480
378 6 27942 28533
379 7 27974 28562
