1 1 0 572
2 2 27 624
3 3 77 699
4 4 104 751
5 5 154 826
6 6 181 878
7 7 231 953
8 8 258 1005
9 1 572 1144
10 2 624 1201
11 3 699 1276
12 4 751 1328
13 5 826 1403
14 6 878 1455
15 7 953 1530
16 8 1005 1582
17 1 1144 1716
18 2 1201 1778
19 3 1276 1853
20 4 1328 1905
21 5 1403 1980
22 6 1455 2032
23 7 1530 2107
24 8 1582 2159
25 1 1716 2288
26 2 1778 2355
27 3 1853 2430
28 4 1905 2482
29 5 1980 2557
30 6 2032 2609
31 7 2107 2684
32 8 2159 2736
33 1 2288 2860
34 2 2355 2932
35 3 2430 3007
36 4 2482 3059
37 5 2557 3134
38 6 2609 3186
39 7 2684 3261
40 8 2736 3313
41 1 2860 3432
42 2 2932 3509
43 3 3007 3584
44 4 3059 3636
45 5 3134 3711
46 6 3186 3763
47 7 3261 3838
48 8 3313 3890
49 1 3432 4004
50 2 3509 4086
51 3 3584 4161
52 4 3636 4213
53 5 3711 4288
54 6 3763 4340
55 7 3838 4415
56 8 3890 4467
57 1 4004 4576
58 2 4086 4663
59 3 4161 4738
60 4 4213 4790
61 5 4288 4865
62 6 4340 4917
63 7 4415 4992
64 8 4467 5044
65 1 4576 5148
66 2 4663 5240
67 3 4738 5315
68 4 4790 5367
69 5 4865 5442
70 6 4917 5494
71 7 4992 5569
72 8 5044 5621
73 1 5148 5724
74 2 5240 5817
75 3 5315 5892
76 4 5367 5944
77 5 5442 6019
78 6 5494 6071
79 7 5569 6146
80 8 5621 6198
81 1 5724 6301
82 2 5817 6394
83 3 5892 6469
84 4 5944 6521
85 5 6019 6596
86 6 6071 6648
87 7 6146 6723
88 8 6198 6775
89 1 6301 6878
90 2 6394 6971
91 3 6469 7046
92 4 6521 7098
93 5 6596 7173
94 6 6648 7225
95 7 6723 7300
96 8 6775 7352
97 1 6878 7455
98 2 6971 7548
99 3 7046 7623
100 4 7098 7675
101 5 7173 7750
102 6 7225 7802
103 7 7300 7877
104 8 7352 7929
105 1 7455 8032
106 2 7548 8125
107 3 7623 8200
108 4 7675 8252
109 5 7750 8327
110 6 7802 8379
111 7 7877 8454
112 8 7929 8506
113 1 8032 8609
114 2 8125 8702
115 3 8200 8777
116 4 8252 8829
117 5 8327 8904
118 6 8379 8956
119 7 8454 9031
120 8 8506 9083
121 1 8609 9186
122 2 8702 9279
123 3 8777 9354
124 4 8829 9406
125 5 8904 9481
126 6 8956 9533
127 7 9031 9608
128 8 9083 9660
129 1 9186 9763
130 2 9279 9856
131 3 9354 9931
132 4 9406 9983
133 5 9481 10058
134 6 9533 10110
135 7 9608 10185
136 8 9660 10237
137 1 9763 10340
138 2 9856 10433
139 3 9931 10508
141 5 10058 10630
142 6 10110 10687
143 7 10185 10762
144 8 10237 10814
145 1 10340 10917
146 2 10433 11010
147 3 10508 11085
148 5 10630 11202
149 6 10687 11264
150 7 10762 11339
151 8 10814 11391
152 1 10917 11530
153 2 11010 11587
154 3 11085 11662
155 5 11202 11774
156 6 11264 11841
157 7 11339 11916
158 8 11391 11968
159 4 11480 12057
160 1 11530 12132
161 2 11587 12184
162 3 11662 12259
163 5 11774 12346
164 6 11841 12418
165 7 11916 12493
166 8 11968 12545
167 4 12057 12634
168 1 12132 12709
169 2 12184 12761
170 3 12259 12836
171 5 12346 12918
172 6 12418 12995
173 7 12493 13070
174 8 12545 13122
175 4 12634 13211
176 1 12709 13286
177 2 12761 13338
178 3 12836 13413
179 5 12918 13490
180 6 12995 13572
181 7 13070 13647
182 8 13122 13699
183 4 13211 13788
184 1 13286 13863
185 2 13338 13915
187 5 13490 14062
188 6 13572 14149
189 7 13647 14224
190 8 13699 14276
191 4 13788 14392
192 1 13863 14467
193 2 13915 14519
194 5 14062 14634
195 6 14149 14726
196 7 14224 14801
197 8 14276 14853
198 3 14365 14942
199 4 14392 14994
200 1 14467 15069
201 2 14519 15121
202 5 14634 15210
203 6 14726 15303
204 7 14801 15378
205 8 14853 15430
206 3 14942 15519
207 4 14994 15571
208 1 15069 15646
209 2 15121 15698
210 5 15210 15787
211 6 15303 15880
212 7 15378 15955
213 8 15430 16007
214 3 15519 16096
215 4 15571 16148
216 1 15646 16223
217 2 15698 16275
218 5 15787 16364
219 6 15880 16457
220 7 15955 16532
221 8 16007 16584
222 3 16096 16673
223 4 16148 16725
224 1 16223 16800
225 2 16275 16852
226 5 16364 16941
227 6 16457 17034
228 7 16532 17109
229 8 16584 17161
230 3 16673 17250
231 4 16725 17302
232 1 16800 17377
233 2 16852 17429
234 5 16941 17518
235 6 17034 17611
236 7 17109 17686
237 8 17161 17738
238 3 17250 17827
239 4 17302 17879
240 1 17377 17954
241 2 17429 18006
242 5 17518 18095
243 6 17611 18188
244 7 17686 18263
245 8 17738 18315
246 3 17827 18404
247 4 17879 18456
248 1 17954 18531
249 2 18006 18583
250 5 18095 18672
251 6 18188 18765
252 7 18263 18840
253 8 18315 18892
254 3 18404 18981
255 4 18456 19033
256 1 18531 19108
257 2 18583 19160
258 5 18672 19249
259 6 18765 19342
260 7 18840 19417
261 8 18892 19469
262 3 18981 19558
263 4 19033 19610
264 1 19108 19685
265 2 19160 19737
266 5 19249 19826
267 6 19342 19919
268 7 19417 19994
269 8 19469 20046
270 3 19558 20135
271 4 19610 20187
272 1 19685 20262
273 2 19737 20314
274 5 19826 20403
275 6 19919 20496
276 7 19994 20571
277 8 20046 20623
278 3 20135 20712
279 4 20187 20764
280 1 20262 20839
281 2 20314 20891
282 5 20403 20980
283 6 20496 21073
284 7 20571 21148
285 8 20623 21200
286 3 20712 21289
287 4 20764 21341
288 1 20839 21416
289 2 20891 21468
290 5 20980 21557
291 6 21073 21650
292 7 21148 21725
293 8 21200 21777
294 3 21289 21866
295 4 21341 21918
296 1 21416 21993
297 2 21468 22045
298 5 21557 22134
299 6 21650 22227
300 7 21725 22302
301 8 21777 22354
302 3 21866 22443
303 4 21918 22495
304 1 21993 22570
305 2 22045 22622
306 5 22134 22711
307 6 22227 22804
308 7 22302 22879
309 8 22354 22931
310 3 22443 23020
311 4 22495 23072
312 1 22570 23147
313 2 22622 23199
314 5 22711 23288
315 6 22804 23381
316 7 22879 23456
317 8 22931 23508
318 3 23020 23597
319 4 23072 23649
320 1 23147 23724
321 2 23199 23776
322 5 23288 23865
323 6 23381 23958
324 7 23456 24033
325 8 23508 24085
326 3 23597 24174
327 4 23649 24226
328 1 23724 24301
329 2 23776 24353
330 5 23865 24442
331 6 23958 24535
332 7 24033 24610
333 8 24085 24662
334 3 24174 24751
335 4 24226 24803
336 1 24301 24878
337 2 24353 24930
338 5 24442 25019
339 6 24535 25112
340 7 24610 25187
341 8 24662 25239
342 3 24751 25328
343 4 24803 25380
344 1 24878 25455
345 2 24930 25507
346 5 25019 25596
347 6 25112 25689
348 7 25187 25764
349 8 25239 25816
350 3 25328 25905
351 4 25380 25957
352 1 25455 26032
353 2 25507 26084
354 5 25596 26173
355 6 25689 26266
356 7 25764 26341
357 8 25816 26393
358 3 25905 26482
359 4 25957 26534
360 1 26032 26609
361 2 26084 26661
362 5 26173 26750
363 6 26266 26843
364 7 26341 26918
365 8 26393 26970
366 3 26482 27059
367 4 26534 27111
368 1 26609 27186
369 2 26661 27238
370 5 26750 27327
371 6 26843 27420
372 7 26918 27495
373 8 26970 27547
374 3 27059 27636
375 4 27111 27688
376 1 27186 27763
377 2 27238 27815
378 5 27327 27904
379 6 27420 27997
380 7 27495 28072
381 8 27547 28124
382 3 27636 28213
383 4 27688 28265
384 1 27763 28340
385 2 27815 28392
386 5 27904 28481
387 6 27997 28574
388 7 28072 28649
