1 1 0 619
2 2 28 672
3 3 79 748
4 4 107 801
5 5 158 877
6 6 186 930
7 7 237 1006
8 8 265 1059
9 1 619 1238
10 2 672 1291
11 3 748 1367
12 4 801 1420
13 5 877 1496
14 6 930 1549
15 7 1006 1625
16 8 1059 1678
17 1 1238 1857
18 2 1291 1910
19 3 1367 1986
20 4 1420 2039
21 5 1496 2115
22 6 1549 2168
23 7 1625 2244
24 8 1678 2297
25 1 1857 2476
26 2 1910 2529
27 3 1986 2605
28 4 2039 2658
29 5 2115 2734
30 6 2168 2787
31 7 2244 2863
32 8 2297 2916
33 1 2476 3095
34 2 2529 3148
35 3 2605 3224
36 4 2658 3277
37 5 2734 3353
38 6 2787 3406
39 7 2863 3482
40 8 2916 3535
41 1 3095 3714
42 2 3148 3767
43 3 3224 3843
44 4 3277 3896
45 5 3353 3972
46 6 3406 4025
47 7 3482 4101
48 8 3535 4154
49 1 3714 4333
50 2 3767 4386
51 3 3843 4462
52 4 3896 4515
53 5 3972 4591
54 6 4025 4644
55 7 4101 4720
56 8 4154 4773
57 1 4333 4952
58 2 4386 5005
59 3 4462 5081
60 4 4515 5134
61 5 4591 5210
62 6 4644 5263
63 7 4720 5339
64 8 4773 5392
65 1 4952 5571
66 2 5005 5624
67 3 5081 5700
68 4 5134 5753
69 5 5210 5829
70 6 5263 5882
71 7 5339 5958
72 8 5392 6011
73 1 5571 6190
74 2 5624 6243
75 3 5700 6319
76 4 5753 6372
77 5 5829 6448
78 6 5882 6501
79 7 5958 6577
80 8 6011 6630
81 1 6190 6809
82 2 6243 6862
83 3 6319 6938
84 4 6372 6991
85 5 6448 7067
86 6 6501 7120
87 7 6577 7196
88 8 6630 7249
89 1 6809 7428
90 2 6862 7481
91 3 6938 7557
92 4 6991 7610
93 5 7067 7686
94 6 7120 7739
95 7 7196 7815
96 8 7249 7868
97 1 7428 8047
98 2 7481 8100
99 3 7557 8176
100 4 7610 8229
101 5 7686 8305
102 6 7739 8358
103 7 7815 8434
104 8 7868 8487
105 1 8047 8666
106 2 8100 8719
107 3 8176 8795
108 4 8229 8848
109 5 8305 8924
110 6 8358 8977
111 7 8434 9053
112 8 8487 9106
113 1 8666 9285
114 2 8719 9338
115 3 8795 9414
116 4 8848 9467
117 5 8924 9543
118 6 8977 9596
119 7 9053 9672
120 8 9106 9725
121 1 9285 9904
122 2 9338 9957
123 3 9414 10033
124 4 9467 10086
125 5 9543 10162
126 6 9596 10215
127 7 9672 10291
128 8 9725 10344
129 1 9904 10523
130 2 9957 10576
131 3 10033 10652
132 4 10086 10705
133 5 10162 10781
134 6 10215 10834
135 7 10291 10910
136 8 10344 10963
137 1 10523 11142
138 2 10576 11195
139 3 10652 11271
140 4 10705 11324
141 5 10781 11400
142 6 10834 11453
143 7 10910 11529
144 8 10963 11582
145 1 11142 11761
146 2 11195 11814
147 3 11271 11890
148 4 11324 11943
149 5 11400 12019
150 6 11453 12072
151 7 11529 12148
152 8 11582 12201
153 1 11761 12380
154 2 11814 12433
155 3 11890 12509
156 4 11943 12562
157 5 12019 12638
158 6 12072 12691
159 7 12148 12767
160 8 12201 12820
161 1 12380 12999
162 2 12433 13052
163 3 12509 13128
164 4 12562 13181
165 5 12638 13257
166 6 12691 13310
167 7 12767 13386
168 8 12820 13439
169 1 12999 13618
170 2 13052 13671
171 3 13128 13747
172 4 13181 13800
173 5 13257 13876
174 6 13310 13929
175 7 13386 14005
176 8 13439 14058
177 1 13618 14237
178 2 13671 14290
179 3 13747 14366
180 4 13800 14419
181 5 13876 14495
182 6 13929 14548
183 7 14005 14624
184 8 14058 14677
185 1 14237 14856
186 2 14290 14909
187 3 14366 14985
188 4 14419 15038
189 5 14495 15114
190 6 14548 15167
191 7 14624 15243
192 8 14677 15296
193 1 14856 15475
194 2 14909 15528
195 3 14985 15604
196 4 15038 15657
197 5 15114 15733
198 6 15167 15786
199 7 15243 15862
200 8 15296 15915
201 1 15475 16094
202 2 15528 16147
203 3 15604 16223
204 4 15657 16276
205 5 15733 16352
206 6 15786 16405
207 7 15862 16481
208 8 15915 16534
209 1 16094 16713
210 2 16147 16766
211 3 16223 16842
212 4 16276 16895
213 5 16352 16971
214 6 16405 17024
215 7 16481 17100
216 8 16534 17153
217 1 16713 17332
218 2 16766 17385
219 3 16842 17461
220 4 16895 17514
221 5 16971 17590
222 6 17024 17643
223 7 17100 17719
224 8 17153 17772
225 1 17332 17951
226 2 17385 18004
227 3 17461 18080
228 4 17514 18133
229 5 17590 18209
230 6 17643 18262
231 7 17719 18338
232 8 17772 18391
233 1 17951 18570
234 2 18004 18623
235 3 18080 18699
236 4 18133 18752
237 5 18209 18828
238 6 18262 18881
239 7 18338 18957
240 8 18391 19010
241 1 18570 19189
242 2 18623 19242
243 3 18699 19318
244 4 18752 19371
245 5 18828 19447
246 6 18881 19500
247 7 18957 19576
248 8 19010 19629
249 1 19189 19808
250 2 19242 19861
251 3 19318 19937
252 4 19371 19990
253 5 19447 20066
254 6 19500 20119
255 7 19576 20195
256 8 19629 20248
257 1 19808 20427
258 2 19861 20480
259 3 19937 20556
260 4 19990 20609
261 5 20066 20685
262 6 20119 20738
263 7 20195 20814
264 8 20248 20867
265 1 20427 21046
266 2 20480 21099
267 3 20556 21175
268 4 20609 21228
269 5 20685 21304
270 6 20738 21357
271 7 20814 21433
272 8 20867 21486
273 1 21046 21665
274 2 21099 21718
275 3 21175 21794
276 4 21228 21847
277 5 21304 21923
278 6 21357 21976
279 7 21433 22052
280 8 21486 22105
281 1 21665 22284
282 2 21718 22337
283 3 21794 22413
284 4 21847 22466
285 5 21923 22542
286 6 21976 22595
287 7 22052 22671
288 8 22105 22724
289 1 22284 22903
290 2 22337 22956
291 3 22413 23032
292 4 22466 23085
293 5 22542 23161
294 6 22595 23214
295 7 22671 23290
296 8 22724 23343
297 1 22903 23522
298 2 22956 23575
299 3 23032 23651
300 4 23085 23704
301 5 23161 23780
302 6 23214 23833
303 7 23290 23909
304 8 23343 23962
305 1 23522 24141
306 2 23575 24194
307 3 23651 24270
308 4 23704 24323
309 5 23780 24399
310 6 23833 24452
311 7 23909 24528
312 8 23962 24581
313 1 24141 24760
314 2 24194 24813
315 3 24270 24889
316 4 24323 24942
317 5 24399 25018
318 6 24452 25071
319 7 24528 25147
320 8 24581 25200
321 1 24760 25379
322 2 24813 25432
323 3 24889 25508
324 4 24942 25561
325 5 25018 25637
326 6 25071 25690
327 7 25147 25766
328 8 25200 25819
329 1 25379 25998
330 2 25432 26051
331 3 25508 26127
332 4 25561 26180
333 5 25637 26256
334 6 25690 26309
335 7 25766 26385
336 8 25819 26438
337 1 25998 26617
338 2 26051 26670
339 3 26127 26746
340 4 26180 26799
341 5 26256 26875
342 6 26309 26928
343 7 26385 27004
344 8 26438 27057
345 1 26617 27236
346 2 26670 27289
347 3 26746 27365
348 4 26799 27418
349 5 26875 27494
350 6 26928 27547
351 7 27004 27623
352 8 27057 27676
353 1 27236 27855
354 2 27289 27908
355 3 27365 27984
356 4 27418 28037
357 5 27494 28113
358 6 27547 28166
359 7 27623 28242
360 8 27676 28295
361 1 27855 28474
362 2 27908 28527
363 3 27984 28603
364 4 28037 28656
365 5 28113 28732
366 6 28166 28785
369 1 28474 29100
370 2 28527 29153
371 3 28603 28971
372 4 28656 29024
373 5 28732 28842
374 6 28785 28895
