1 1 0 588
2 2 30 621
3 3 83 674
4 4 86 677
5 5 139 730
6 6 142 733
7 7 195 786
8 8 198 789
9 1 588 1176
10 2 621 1212
11 3 674 1265
12 4 677 1268
13 5 730 1321
14 6 733 1324
15 7 786 1377
16 8 789 1380
17 1 1176 1764
18 2 1212 1803
19 3 1265 1856
20 4 1268 1859
21 5 1321 1912
22 6 1324 1915
23 7 1377 1968
24 8 1380 1971
25 1 1764 2352
26 2 1803 2394
27 3 1856 2447
28 4 1859 2450
29 5 1912 2503
30 6 1915 2506
31 7 1968 2559
32 8 1971 2562
33 1 2352 2940
34 2 2394 2985
35 3 2447 3038
36 4 2450 3041
37 5 2503 3094
38 6 2506 3097
39 7 2559 3150
40 8 2562 3153
41 1 2940 3528
42 2 2985 3576
43 3 3038 3629
44 4 3041 3632
45 5 3094 3685
46 6 3097 3688
47 7 3150 3741
48 8 3153 3744
49 1 3528 4116
50 2 3576 4167
51 3 3629 4220
52 4 3632 4223
53 5 3685 4276
54 6 3688 4279
55 7 3741 4332
56 8 3744 4335
57 1 4116 4704
58 2 4167 4758
59 3 4220 4811
60 4 4223 4814
61 5 4276 4867
62 6 4279 4870
63 7 4332 4923
64 8 4335 4926
65 1 4704 5292
66 2 4758 5349
67 3 4811 5402
68 4 4814 5405
69 5 4867 5458
70 6 4870 5461
71 7 4923 5514
72 8 4926 5517
73 1 5292 5880
74 2 5349 5940
75 3 5402 5993
76 4 5405 5996
77 5 5458 6049
78 6 5461 6052
79 7 5514 6105
80 8 5517 6108
81 1 5880 6468
82 2 5940 6531
83 3 5993 6584
84 4 5996 6587
85 5 6049 6640
86 6 6052 6643
87 7 6105 6696
88 8 6108 6699
89 1 6468 7056
90 2 6531 7122
91 3 6584 7175
92 4 6587 7178
93 5 6640 7231
94 6 6643 7234
95 7 6696 7287
96 8 6699 7290
97 1 7056 7644
98 2 7122 7713
99 3 7175 7766
100 4 7178 7769
101 5 7231 7822
102 6 7234 7825
103 7 7287 7878
104 8 7290 7881
105 1 7644 8232
106 2 7713 8304
107 3 7766 8357
108 4 7769 8360
109 5 7822 8413
110 6 7825 8416
111 7 7878 8469
112 8 7881 8472
113 1 8232 8820
114 2 8304 8895
115 3 8357 8948
116 4 8360 8951
117 5 8413 9004
118 6 8416 9007
119 7 8469 9060
120 8 8472 9063
121 1 8820 9408
122 2 8895 9486
123 3 8948 9539
124 4 8951 9542
125 5 9004 9595
126 6 9007 9598
127 7 9060 9651
128 8 9063 9654
129 1 9408 9996
130 2 9486 10077
131 3 9539 10130
132 4 9542 10133
133 5 9595 10186
134 6 9598 10189
135 7 9651 10242
136 8 9654 10245
137 1 9996 10584
138 2 10077 10668
139 3 10130 10721
140 4 10133 10724
141 5 10186 10777
142 6 10189 10780
143 7 10242 10833
144 8 10245 10836
145 1 10584 11172
146 2 10668 11259
147 3 10721 11312
148 4 10724 11315
149 5 10777 11368
150 6 10780 11371
151 7 10833 11424
152 8 10836 11427
153 1 11172 11760
154 2 11259 11850
155 3 11312 11903
156 4 11315 11906
157 5 11368 11959
158 6 11371 11962
159 7 11424 12015
160 8 11427 12018
161 1 11760 12348
162 2 11850 12441
163 3 11903 12494
164 4 11906 12497
165 5 11959 12550
166 6 11962 12553
167 7 12015 12606
168 8 12018 12609
169 1 12348 12936
170 2 12441 13032
171 3 12494 13085
172 4 12497 13088
173 5 12550 13141
174 6 12553 13144
175 7 12606 13197
176 8 12609 13200
177 1 12936 13524
178 2 13032 13623
179 3 13085 13676
180 4 13088 13679
181 5 13141 13732
182 6 13144 13735
183 7 13197 13788
184 8 13200 13791
185 1 13524 14112
186 2 13623 14214
187 3 13676 14267
188 4 13679 14270
189 5 13732 14323
190 6 13735 14326
191 7 13788 14379
192 8 13791 14382
193 1 14112 14700
194 2 14214 14805
195 3 14267 14858
196 4 14270 14861
197 5 14323 14914
198 6 14326 14917
199 7 14379 14970
200 8 14382 14973
201 1 14700 15288
202 2 14805 15396
203 3 14858 15449
204 4 14861 15452
205 5 14914 15505
206 6 14917 15508
207 7 14970 15561
208 8 14973 15564
209 1 15288 15876
210 2 15396 15987
211 3 15449 16040
212 4 15452 16043
213 5 15505 16096
214 6 15508 16099
215 7 15561 16152
216 8 15564 16155
217 1 15876 16464
218 2 15987 16578
219 3 16040 16631
220 4 16043 16634
221 5 16096 16687
222 6 16099 16690
223 7 16152 16743
224 8 16155 16746
225 1 16464 17052
226 2 16578 17169
227 3 16631 17222
228 4 16634 17225
229 5 16687 17278
230 6 16690 17281
231 7 16743 17334
232 8 16746 17337
233 1 17052 17640
234 2 17169 17760
235 3 17222 17813
236 4 17225 17816
237 5 17278 17869
238 6 17281 17872
239 7 17334 17925
240 8 17337 17928
241 1 17640 18228
242 2 17760 18351
243 3 17813 18404
244 4 17816 18407
245 5 17869 18460
246 6 17872 18463
247 7 17925 18516
248 8 17928 18519
249 1 18228 18816
250 2 18351 18942
251 3 18404 18995
252 4 18407 18998
253 5 18460 19051
254 6 18463 19054
255 7 18516 19107
256 8 18519 19110
257 1 18816 19404
258 2 18942 19533
259 3 18995 19586
260 4 18998 19589
261 5 19051 19642
262 6 19054 19645
263 7 19107 19698
264 8 19110 19701
265 1 19404 19992
266 2 19533 20124
267 3 19586 20177
268 4 19589 20180
269 5 19642 20233
270 6 19645 20236
271 7 19698 20289
272 8 19701 20292
273 1 19992 20580
274 2 20124 20715
275 3 20177 20768
276 4 20180 20771
277 5 20233 20824
278 6 20236 20827
279 7 20289 20880
280 8 20292 20883
281 1 20580 21168
282 2 20715 21306
283 3 20768 21359
284 4 20771 21362
285 5 20824 21415
286 6 20827 21418
287 7 20880 21471
288 8 20883 21474
289 1 21168 21756
290 2 21306 21897
291 3 21359 21950
292 4 21362 21953
293 5 21415 22006
294 6 21418 22009
295 7 21471 22062
296 8 21474 22065
297 1 21756 22344
298 2 21897 22488
299 3 21950 22541
300 4 21953 22544
301 5 22006 22597
302 6 22009 22600
303 7 22062 22653
304 8 22065 22656
305 1 22344 22932
306 2 22488 23079
307 3 22541 23132
308 4 22544 23135
309 5 22597 23188
310 6 22600 23191
311 7 22653 23244
312 8 22656 23247
313 1 22932 23520
314 2 23079 23670
315 3 23132 23723
316 4 23135 23726
317 5 23188 23779
318 6 23191 23782
319 7 23244 23835
320 8 23247 23838
321 1 23520 24108
322 2 23670 24261
323 3 23723 24314
324 4 23726 24317
325 5 23779 24370
326 6 23782 24373
327 7 23835 24426
328 8 23838 24429
329 1 24108 24696
330 2 24261 24852
331 3 24314 24905
332 4 24317 24908
333 5 24370 24961
334 6 24373 24964
335 7 24426 25017
336 8 24429 25020
337 1 24696 25284
338 2 24852 25443
339 3 24905 25496
340 4 24908 25499
341 5 24961 25552
342 6 24964 25555
343 7 25017 25608
344 8 25020 25611
345 1 25284 25872
346 2 25443 26034
347 3 25496 26087
348 4 25499 26090
349 5 25552 26143
350 6 25555 26146
351 7 25608 26199
352 8 25611 26202
353 1 25872 26460
354 2 26034 26625
355 3 26087 26678
356 4 26090 26681
357 5 26143 26734
358 6 26146 26737
359 7 26199 26790
360 8 26202 26793
361 1 26460 27048
362 2 26625 27216
363 3 26678 27269
364 4 26681 27272
365 5 26734 27325
366 6 26737 27328
367 7 26790 27381
368 8 26793 27384
369 1 27048 27636
370 2 27216 27807
371 3 27269 27860
372 4 27272 27863
373 5 27325 27916
374 6 27328 27919
375 7 27381 27972
376 8 27384 27975
377 1 27636 28224
378 2 27807 28398
379 3 27860 28451
380 4 27863 28454
381 5 27916 28507
382 6 27919 28510
383 7 27972 28563
