1 1 0 310 3 368 985
2 4 55 365 7 444 1071
3 8 99 441 2 652 1187
4 1 310 620 5 738 1313
5 4 365 712 6 790 1316
6 8 441 764 3 985 1486
7 1 620 930 7 1071 1641
8 4 712 993 2 1187 1722
9 8 764 1074 5 1313 1814
10 1 930 1240 6 1316 2071
11 4 993 1376 3 1486 2016
12 8 1074 1420 7 1641 2142
13 1 1240 1550 2 1722 2273
14 4 1376 1685 5 1814 2359
15 8 1420 1869 3 2016 2567
16 1 1550 1931 6 2071 2645
17 4 1685 1966 7 2142 2672
18 8 1869 2174 2 2273 2963
19 1 1931 2270 5 2359 2864
20 4 1966 2333 3 2567 3068
21 8 2174 2489 6 2645 3167
22 1 2270 2593 7 2672 3202
23 4 2333 2619 5 2864 3365
24 8 2489 2804 2 2963 3518
25 1 2593 2960 6 3167 3697
26 4 2619 2900 3 3068 3598
27 8 2804 3141 7 3202 3732
28 4 2900 3275 5 3365 3931
29 1 2960 3301 2 3518 4019
30 8 3141 3422 3 3598 4159
31 4 3275 3556 6 3697 4246
32 1 3301 3653 7 3732 4272
33 8 3422 3764 5 3931 4432
34 4 3556 3871 2 4019 4561
35 1 3653 3975 3 4159 4670
36 8 3764 4115 6 4246 4747
37 4 3871 4186 7 4272 4807
38 1 3975 4334 5 4432 4998
39 8 4115 4396 2 4561 5086
40 4 4186 4501 3 4670 5171
41 1 4334 4615 6 4747 5308
42 8 4396 4714 7 4807 5334
43 4 4501 4851 5 4998 5507
44 1 4615 4925 2 5086 5587
45 8 4714 5024 3 5171 5727
46 4 4851 5132 6 5308 5822
47 1 4925 5235 7 5334 5848
48 8 5024 5337 5 5507 6008
49 4 5132 5447 2 5587 6137
50 1 5235 5551 3 5727 6246
51 8 5337 5683 6 5822 6323
52 4 5447 5762 7 5848 6383
53 1 5551 5910 5 6008 6574
54 8 5683 5972 2 6137 6662
55 4 5762 6077 3 6246 6747
56 1 5910 6191 6 6323 6884
57 8 5972 6290 7 6383 6910
58 4 6077 6427 5 6574 7083
59 1 6191 6501 2 6662 7163
60 8 6290 6600 3 6747 7303
61 4 6427 6708 6 6884 7398
62 1 6501 6811 7 6910 7424
63 8 6600 6913 5 7083 7584
64 4 6708 7023 2 7163 7713
65 1 6811 7127 3 7303 7822
66 8 6913 7259 6 7398 7899
67 4 7023 7338 7 7424 7959
68 1 7127 7486 5 7584 8150
69 8 7259 7548 2 7713 8238
70 4 7338 7653 3 7822 8323
71 1 7486 7767 6 7899 8460
72 8 7548 7866 7 7959 8486
73 4 7653 8003 5 8150 8659
74 1 7767 8077 2 8238 8739
75 8 7866 8176 3 8323 8879
76 4 8003 8284 6 8460 8974
77 1 8077 8387 7 8486 9000
78 8 8176 8489 5 8659 9160
79 4 8284 8599 2 8739 9289
80 1 8387 8703 3 8879 9398
81 8 8489 8835 6 8974 9475
82 4 8599 8914 7 9000 9535
83 1 8703 9062 5 9160 9726
84 8 8835 9124 2 9289 9814
85 4 8914 9229 3 9398 9899
86 1 9062 9343 6 9475 10036
87 8 9124 9442 7 9535 10062
88 4 9229 9579 5 9726 10235
89 1 9343 9653 2 9814 10315
90 8 9442 9752 3 9899 10455
91 4 9579 9860 6 10036 10550
92 1 9653 9963 7 10062 10576
93 8 9752 10065 5 10235 10736
94 4 9860 10175 2 10315 10865
95 1 9963 10279 3 10455 10974
96 8 10065 10411 6 10550 11051
97 4 10175 10490 7 10576 11111
98 1 10279 10638 5 10736 11302
99 8 10411 10700 2 10865 11390
100 4 10490 10805 3 10974 11475
101 1 10638 10919 6 11051 11612
102 8 10700 11018 7 11111 11638
103 4 10805 11155 5 11302 11811
104 1 10919 11229 2 11390 11891
105 8 11018 11328 3 11475 12031
106 4 11155 11436 6 11612 12126
107 1 11229 11539 7 11638 12152
108 8 11328 11641 5 11811 12312
109 4 11436 11751 2 11891 12441
110 1 11539 11855 3 12031 12550
111 8 11641 11987 6 12126 12627
112 4 11751 12066 7 12152 12687
113 1 11855 12214 5 12312 12878
114 8 11987 12276 2 12441 12966
115 4 12066 12381 3 12550 13051
116 1 12214 12495 6 12627 13188
117 8 12276 12594 7 12687 13214
118 4 12381 12731 5 12878 13387
119 1 12495 12805 2 12966 13467
120 8 12594 12904 3 13051 13607
121 4 12731 13012 6 13188 13702
122 1 12805 13115 7 13214 13728
123 8 12904 13217 5 13387 13888
124 4 13012 13327 2 13467 14017
125 1 13115 13431 3 13607 14126
126 8 13217 13563 6 13702 14203
127 4 13327 13642 7 13728 14263
128 1 13431 13790 5 13888 14454
129 8 13563 13852 2 14017 14542
130 4 13642 13957 3 14126 14627
131 1 13790 14071 6 14203 14764
132 8 13852 14170 7 14263 14790
133 4 13957 14307 5 14454 14963
134 1 14071 14381 2 14542 15043
135 8 14170 14480 3 14627 15183
136 4 14307 14588 6 14764 15278
137 1 14381 14691 7 14790 15304
138 8 14480 14793 5 14963 15464
139 4 14588 14903 2 15043 15593
140 1 14691 15007 3 15183 15702
141 8 14793 15139 6 15278 15779
142 4 14903 15218 7 15304 15839
143 1 15007 15366 5 15464 16030
144 8 15139 15428 2 15593 16118
145 4 15218 15533 3 15702 16203
146 1 15366 15647 6 15779 16340
147 8 15428 15746 7 15839 16366
148 4 15533 15883 5 16030 16539
149 1 15647 15957 2 16118 16619
150 8 15746 16056 3 16203 16759
151 4 15883 16164 6 16340 16854
152 1 15957 16267 7 16366 16880
153 8 16056 16369 5 16539 17040
154 4 16164 16479 2 16619 17169
155 1 16267 16583 3 16759 17278
156 8 16369 16715 6 16854 17355
157 4 16479 16794 7 16880 17415
158 1 16583 16942 5 17040 17606
159 8 16715 17004 2 17169 17694
160 4 16794 17109 3 17278 17779
161 1 16942 17223 6 17355 17916
162 8 17004 17322 7 17415 17942
163 4 17109 17459 5 17606 18115
164 1 17223 17533 2 17694 18195
165 8 17322 17632 3 17779 18335
166 4 17459 17740 6 17916 18430
167 1 17533 17843 7 17942 18456
168 8 17632 17945 5 18115 18616
169 4 17740 18055 2 18195 18745
170 1 17843 18159 3 18335 18854
171 8 17945 18291 6 18430 18931
172 4 18055 18370 7 18456 18991
173 1 18159 18518 5 18616 19182
174 8 18291 18580 2 18745 19270
175 4 18370 18685 3 18854 19355
176 1 18518 18799 6 18931 19492
177 8 18580 18898 7 18991 19518
178 4 18685 19035 5 19182 19691
179 1 18799 19109 2 19270 19771
180 8 18898 19208 3 19355 19911
181 4 19035 19316 6 19492 20006
182 1 19109 19419 7 19518 20032
183 8 19208 19521 5 19691 20192
184 4 19316 19631 2 19771 20321
185 1 19419 19735 3 19911 20430
186 8 19521 19867 6 20006 20507
187 4 19631 19946 7 20032 20567
188 1 19735 20094 5 20192 20758
189 8 19867 20156 2 20321 20846
190 4 19946 20261 3 20430 20931
191 1 20094 20375 6 20507 21068
192 8 20156 20474 7 20567 21094
193 4 20261 20611 5 20758 21267
194 1 20375 20685 2 20846 21347
195 8 20474 20784 3 20931 21487
196 4 20611 20892 6 21068 21582
197 1 20685 20995 7 21094 21608
198 8 20784 21097 5 21267 21768
199 4 20892 21207 2 21347 21897
200 1 20995 21311 3 21487 22006
201 8 21097 21443 6 21582 22083
202 4 21207 21522 7 21608 22143
203 1 21311 21670 5 21768 22334
204 8 21443 21732 2 21897 22422
205 4 21522 21837 3 22006 22507
206 1 21670 21951 6 22083 22644
207 8 21732 22050 7 22143 22670
208 4 21837 22187 5 22334 22843
209 1 21951 22261 2 22422 22923
210 8 22050 22360 3 22507 23063
211 4 22187 22468 6 22644 23158
212 1 22261 22571 7 22670 23184
213 8 22360 22673 5 22843 23344
214 4 22468 22783 2 22923 23473
215 1 22571 22887 3 23063 23582
216 8 22673 23019 6 23158 23659
217 4 22783 23098 7 23184 23719
218 1 22887 23246 5 23344 23910
219 8 23019 23308 2 23473 23998
220 4 23098 23413 3 23582 24083
221 1 23246 23527 6 23659 24220
222 8 23308 23626 7 23719 24246
223 4 23413 23763 5 23910 24419
224 1 23527 23837 2 23998 24499
225 8 23626 23936 3 24083 24639
226 4 23763 24044 6 24220 24734
227 1 23837 24147 7 24246 24760
228 8 23936 24249 5 24419 24920
229 4 24044 24359 2 24499 25049
230 1 24147 24463 3 24639 25158
231 8 24249 24595 6 24734 25235
232 4 24359 24674 7 24760 25295
233 1 24463 24822 5 24920 25486
234 8 24595 24884 2 25049 25574
235 4 24674 24989 3 25158 25659
236 1 24822 25103 6 25235 25796
237 8 24884 25202 7 25295 25822
238 4 24989 25339 5 25486 25995
239 1 25103 25413 2 25574 26075
240 8 25202 25512 3 25659 26215
241 4 25339 25620 6 25796 26310
242 1 25413 25723 7 25822 26336
243 8 25512 25825 5 25995 26496
244 4 25620 25935 2 26075 26625
245 1 25723 26039 3 26215 26734
246 8 25825 26171 6 26310 26811
247 4 25935 26250 7 26336 26871
248 1 26039 26398 5 26496 27062
249 8 26171 26460 2 26625 27150
250 4 26250 26565 3 26734 27235
251 1 26398 26679 6 26811 27372
252 8 26460 26778 7 26871 27398
253 4 26565 26915 5 27062 27571
254 1 26679 26989 2 27150 27651
255 8 26778 27088 3 27235 27791
256 4 26915 27196 6 27372 27886
257 1 26989 27299 7 27398 27912
258 8 27088 27401 5 27571 28072
259 4 27196 27511 2 27651 28201
260 1 27299 27615 3 27791 28310
261 8 27401 27747 6 27886 28387
262 4 27511 27826 7 27912 28447
263 1 27615 27974 5 28072 28638
