1 1 0 310
2 4 53 393
3 8 129 529
4 1 310 683
5 4 393 801
6 8 529 942
7 1 683 1106
8 4 801 1249
9 8 942 11241
10 1 1106 1416
11 4 1249 1665
12 1 1416 1753
13 4 1665 2007
14 1 1753 2095
15 4 2007 2344
16 1 2095 2432
17 4 2344 2659
18 1 2432 2747
19 4 2659 2996
20 1 2747 3084
21 4 2996 3311
22 1 3084 3399
23 4 3311 3648
24 1 3399 3736
25 4 3648 3963
26 1 3736 4051
27 4 3963 4300
28 1 4051 4388
29 4 4300 4615
30 1 4388 4703
31 4 4615 4952
32 1 4703 5040
33 4 4952 5267
34 1 5040 5355
35 4 5267 5604
36 1 5355 5692
37 4 5604 5919
38 1 5692 6007
39 4 5919 6256
40 1 6007 6344
41 4 6256 6571
42 1 6344 6659
43 4 6571 6908
44 1 6659 6996
45 4 6908 7223
46 1 6996 7311
47 4 7223 7560
48 1 7311 7648
49 4 7560 7875
50 1 7648 7963
51 4 7875 8212
52 1 7963 8300
53 4 8212 8527
54 1 8300 8615
55 4 8527 8864
56 1 8615 8952
57 4 8864 9179
58 1 8952 9267
59 4 9179 9516
60 1 9267 9604
61 4 9516 9831
62 1 9604 9919
63 4 9831 10168
64 1 9919 10256
65 4 10168 10483
66 1 10256 10571
67 4 10483 10820
68 1 10571 10908
69 4 10820 11135
71 4 11135 11472
72 8 11241 11578
73 4 11472 11814
74 8 11578 11991
75 4 11814 12222
76 1 11902 12310
77 8 11991 18737
78 4 12222 12537
79 1 12310 12625
80 4 12537 12874
81 1 12625 12962
82 4 12874 13189
83 1 12962 13277
84 4 13189 13526
85 1 13277 13614
86 4 13526 13841
87 1 13614 13929
88 4 13841 14178
89 1 13929 14266
90 4 14178 14493
91 1 14266 14581
92 4 14493 14830
93 1 14581 14918
94 4 14830 15145
95 1 14918 15233
96 4 15145 15482
97 1 15233 15570
98 4 15482 15797
99 1 15570 15885
100 4 15797 16134
101 1 15885 16222
102 4 16134 16449
103 1 16222 16537
104 4 16449 16786
105 1 16537 16874
106 4 16786 17101
107 1 16874 17189
108 4 17101 17438
109 1 17189 17526
110 4 17438 17753
112 4 17753 18090
113 1 17841 18178
114 4 18090 18405
115 1 18178 18493
116 4 18405 18843
117 1 18493 18991
118 8 18737 19487
119 4 18843 19240
121 4 19240 19713
122 1 19328 19801
124 4 19713 20050
125 1 19801 20138
126 4 20050 20392
127 1 20138 20480
128 4 20392 20729
129 1 20480 20817
130 4 20729 21071
131 1 20817 21159
132 4 21071 21408
133 1 21159 21496
134 4 21408 21750
135 1 21496 21838
136 4 21750 22087
137 1 21838 22175
138 4 22087 22429
139 1 22175 22517
140 4 22429 22766
141 1 22517 22854
142 4 22766 23108
143 1 22854 23196
144 4 23108 23445
145 1 23196 23533
146 4 23445 23787
147 1 23533 23875
148 4 23787 24124
149 1 23875 24212
150 4 24124 24466
151 1 24212 24554
152 4 24466 24803
153 1 24554 24891
154 4 24803 25145
155 1 24891 25233
156 4 25145 25482
157 1 25233 25570
158 4 25482 25824
159 1 25570 25912
160 4 25824 26161
161 1 25912 26249
162 4 26161 26503
163 1 26249 26591
164 4 26503 26840
165 1 26591 26928
166 4 26840 27182
167 1 26928 27270
168 4 27182 27519
169 1 27270 27607
170 4 27519 27861
