1 1 0 610
2 2 30 670
3 3 88 758
4 4 118 818
5 5 176 906
6 6 206 966
7 7 264 1054
8 8 294 1114
9 1 610 1238
10 2 670 1298
11 3 758 1386
12 4 818 1446
13 5 906 1534
14 6 966 1594
15 7 1054 1682
16 8 1114 1742
17 1 1238 1866
18 2 1298 1926
19 3 1386 2014
20 4 1446 2074
21 5 1534 2162
22 6 1594 2222
23 7 1682 2310
24 8 1742 2370
25 1 1866 2494
26 2 1926 2554
27 3 2014 2642
28 4 2074 2702
29 5 2162 2790
30 6 2222 2850
31 7 2310 2938
32 8 2370 2998
33 1 2494 3122
34 2 2554 3182
35 3 2642 3270
36 4 2702 3330
37 5 2790 3418
38 6 2850 3478
39 7 2938 3566
40 8 2998 3626
41 1 3122 3750
42 2 3182 3810
43 3 3270 3898
44 4 3330 3958
45 5 3418 4046
46 6 3478 4106
47 7 3566 4194
48 8 3626 4254
49 1 3750 4378
50 2 3810 4438
51 3 3898 4526
52 4 3958 4586
53 5 4046 4674
54 6 4106 4734
55 7 4194 4822
56 8 4254 4882
57 1 4378 5006
58 2 4438 5066
59 3 4526 5154
60 4 4586 5214
61 5 4674 5302
62 6 4734 5362
63 7 4822 5450
64 8 4882 5510
65 1 5006 5634
66 2 5066 5694
67 3 5154 5782
68 4 5214 5842
69 5 5302 5930
70 6 5362 5990
71 7 5450 6078
72 8 5510 6138
73 1 5634 6262
74 2 5694 6322
75 3 5782 6410
76 4 5842 6470
77 5 5930 6558
78 6 5990 6618
79 7 6078 6706
80 8 6138 6766
81 1 6262 6890
82 2 6322 6950
83 3 6410 7038
84 4 6470 7098
85 5 6558 7186
86 6 6618 7246
87 7 6706 7334
88 8 6766 7394
89 1 6890 7518
90 2 6950 7578
91 3 7038 7666
92 4 7098 7726
93 5 7186 7814
94 6 7246 7874
95 7 7334 7962
96 8 7394 8022
97 1 7518 8146
98 2 7578 8206
99 3 7666 8294
100 4 7726 8354
101 5 7814 8442
102 6 7874 8502
103 7 7962 8590
104 8 8022 8650
105 1 8146 8774
106 2 8206 8834
107 3 8294 8922
108 4 8354 8982
109 5 8442 9070
110 6 8502 9130
111 7 8590 9218
112 8 8650 9278
113 1 8774 9402
114 2 8834 9462
115 3 8922 9550
116 4 8982 9610
117 5 9070 9698
118 6 9130 9758
119 7 9218 9846
120 8 9278 9906
121 1 9402 10030
122 2 9462 10090
123 3 9550 10178
124 4 9610 10238
125 5 9698 10326
126 6 9758 10386
127 7 9846 10474
128 8 9906 10534
129 1 10030 10658
130 2 10090 10718
131 3 10178 10806
132 4 10238 10866
133 5 10326 10954
134 6 10386 11014
135 7 10474 11102
136 8 10534 11162
137 1 10658 11286
138 2 10718 11346
139 3 10806 11434
140 4 10866 11494
141 5 10954 11582
142 6 11014 11642
143 7 11102 11730
144 8 11162 11790
145 1 11286 11914
146 2 11346 11974
147 3 11434 12062
148 4 11494 12122
149 5 11582 12210
150 6 11642 12270
151 7 11730 12358
152 8 11790 12418
153 1 11914 12542
154 2 11974 12602
155 3 12062 12690
156 4 12122 12750
157 5 12210 12838
158 6 12270 12898
159 7 12358 12986
160 8 12418 13046
161 1 12542 13170
162 2 12602 13230
163 3 12690 13318
164 4 12750 13378
165 5 12838 13466
166 6 12898 13526
167 7 12986 13614
168 8 13046 13674
169 1 13170 13798
170 2 13230 13858
171 3 13318 13946
172 4 13378 14006
173 5 13466 14094
174 6 13526 14154
175 7 13614 14242
176 8 13674 14302
177 1 13798 14426
178 2 13858 14486
179 3 13946 14574
180 4 14006 14634
181 5 14094 14722
182 6 14154 14782
183 7 14242 14870
184 8 14302 14930
185 1 14426 15054
186 2 14486 15114
187 3 14574 15202
188 4 14634 15262
189 5 14722 15350
190 6 14782 15410
191 7 14870 15498
192 8 14930 15558
193 1 15054 15682
194 2 15114 15742
195 3 15202 15830
196 4 15262 15890
197 5 15350 15978
198 6 15410 16038
199 7 15498 16126
200 8 15558 16186
201 1 15682 16310
202 2 15742 16370
203 3 15830 16458
204 4 15890 16518
205 5 15978 16606
206 6 16038 16666
207 7 16126 16754
208 8 16186 16814
209 1 16310 16938
210 2 16370 16998
211 3 16458 17086
212 4 16518 17146
213 5 16606 17234
214 6 16666 17294
215 7 16754 17382
216 8 16814 17442
217 1 16938 17566
218 2 16998 17626
219 3 17086 17714
220 4 17146 17774
221 5 17234 17862
222 6 17294 17922
223 7 17382 18010
224 8 17442 18070
225 1 17566 18194
226 2 17626 18254
227 3 17714 18342
228 4 17774 18402
229 5 17862 18490
230 6 17922 18550
231 7 18010 18638
232 8 18070 18698
233 1 18194 18822
234 2 18254 18882
235 3 18342 18970
236 4 18402 19030
237 5 18490 19118
238 6 18550 19178
239 7 18638 19266
240 8 18698 19326
241 1 18822 19450
242 2 18882 19510
243 3 18970 19598
244 4 19030 19658
245 5 19118 19746
246 6 19178 19806
247 7 19266 19894
248 8 19326 19954
249 1 19450 20078
250 2 19510 20138
251 3 19598 20226
252 4 19658 20286
253 5 19746 20374
254 6 19806 20434
255 7 19894 20522
256 8 19954 20582
257 1 20078 20706
258 2 20138 20766
259 3 20226 20854
260 4 20286 20914
261 5 20374 21002
262 6 20434 21062
263 7 20522 21150
264 8 20582 21210
265 1 20706 21334
266 2 20766 21394
267 3 20854 21482
268 4 20914 21542
269 5 21002 21630
270 6 21062 21690
271 7 21150 21778
272 8 21210 21838
273 1 21334 21962
274 2 21394 22022
275 3 21482 22110
276 4 21542 22170
277 5 21630 22258
278 6 21690 22318
279 7 21778 22406
280 8 21838 22466
281 1 21962 22590
282 2 22022 22650
283 3 22110 22738
284 4 22170 22798
285 5 22258 22886
286 6 22318 22946
287 7 22406 23034
288 8 22466 23094
289 1 22590 23218
290 2 22650 23278
291 3 22738 23366
292 4 22798 23426
293 5 22886 23514
294 6 22946 23574
295 7 23034 23662
296 8 23094 23722
297 1 23218 23846
298 2 23278 23906
299 3 23366 23994
300 4 23426 24054
301 5 23514 24142
302 6 23574 24202
303 7 23662 24290
304 8 23722 24350
305 1 23846 24474
306 2 23906 24534
307 3 23994 24622
308 4 24054 24682
309 5 24142 24770
310 6 24202 24830
311 7 24290 24918
312 8 24350 24978
313 1 24474 25102
314 2 24534 25162
315 3 24622 25250
316 4 24682 25310
317 5 24770 25398
318 6 24830 25458
319 7 24918 25546
320 8 24978 25606
321 1 25102 25730
322 2 25162 25790
323 3 25250 25878
324 4 25310 25938
325 5 25398 26026
326 6 25458 26086
327 7 25546 26174
328 8 25606 26234
329 1 25730 26358
330 2 25790 26418
331 3 25878 26506
332 4 25938 26566
333 5 26026 26654
334 6 26086 26714
335 7 26174 26802
336 8 26234 26862
337 1 26358 26986
338 2 26418 27046
339 3 26506 27134
340 4 26566 27194
341 5 26654 27282
342 6 26714 27342
343 7 26802 27430
344 8 26862 27490
345 1 26986 27614
346 2 27046 27674
347 3 27134 27762
348 4 27194 27822
349 5 27282 27910
350 6 27342 27970
351 7 27430 28058
352 8 27490 28118
353 1 27614 28242
354 2 27674 28302
355 3 27762 28390
356 4 27822 28450
357 5 27910 28538
358 6 27970 28598
359 7 28058 28686
360 8 28118 28746
