1 1 0 610
2 2 32 647
3 3 92 707
4 4 95 710
5 5 155 770
6 6 158 773
7 7 218 833
8 8 221 836
9 1 610 1220
10 2 647 1262
11 3 707 1322
12 4 710 1325
13 5 770 1385
14 6 773 1388
15 7 833 1448
16 8 836 1451
17 1 1220 1830
18 2 1262 1877
19 3 1322 1937
20 4 1325 1940
21 5 1385 2000
22 6 1388 2003
23 7 1448 2063
24 8 1451 2066
25 1 1830 2440
26 2 1877 2492
27 3 1937 2552
28 4 1940 2555
29 5 2000 2615
30 6 2003 2618
31 7 2063 2678
32 8 2066 2681
33 1 2440 3050
34 2 2492 3107
35 3 2552 3167
36 4 2555 3170
37 5 2615 3230
38 6 2618 3233
39 7 2678 3293
40 8 2681 3296
41 1 3050 3660
42 2 3107 3722
43 3 3167 3782
44 4 3170 3785
45 5 3230 3845
46 6 3233 3848
47 7 3293 3908
48 8 3296 3911
49 1 3660 4270
50 2 3722 4337
51 3 3782 4397
52 4 3785 4400
53 5 3845 4460
54 6 3848 4463
55 7 3908 4523
56 8 3911 4526
57 1 4270 4880
58 2 4337 4952
59 3 4397 5012
60 4 4400 5015
61 5 4460 5075
62 6 4463 5078
63 7 4523 5138
64 8 4526 5141
65 1 4880 5490
66 2 4952 5567
67 3 5012 5627
68 4 5015 5630
69 5 5075 5690
70 6 5078 5693
71 7 5138 5753
72 8 5141 5756
73 1 5490 6100
74 2 5567 6182
75 3 5627 6242
76 4 5630 6245
77 5 5690 6305
78 6 5693 6308
79 7 5753 6368
80 8 5756 6371
81 1 6100 6710
82 2 6182 6797
83 3 6242 6857
84 4 6245 6860
85 5 6305 6920
86 6 6308 6923
87 7 6368 6983
88 8 6371 6986
89 1 6710 7320
90 2 6797 7412
91 3 6857 7472
92 4 6860 7475
93 5 6920 7535
94 6 6923 7538
95 7 6983 7598
96 8 6986 7601
97 1 7320 7930
98 2 7412 8027
99 3 7472 8087
100 4 7475 8090
101 5 7535 8150
102 6 7538 8153
103 7 7598 8213
104 8 7601 8216
105 1 7930 8540
106 2 8027 8642
107 3 8087 8702
108 4 8090 8705
109 5 8150 8765
110 6 8153 8768
111 7 8213 8828
112 8 8216 8831
113 1 8540 9150
114 2 8642 9257
115 3 8702 9317
116 4 8705 9320
117 5 8765 9380
118 6 8768 9383
119 7 8828 9443
120 8 8831 9446
121 1 9150 9760
122 2 9257 9872
123 3 9317 9932
124 4 9320 9935
125 5 9380 9995
126 6 9383 9998
127 7 9443 10058
128 8 9446 10061
129 1 9760 10370
130 2 9872 10487
131 3 9932 10547
132 4 9935 10550
133 5 9995 10610
134 6 9998 10613
135 7 10058 10673
136 8 10061 10676
137 1 10370 10980
138 2 10487 11102
139 3 10547 11162
140 4 10550 11165
141 5 10610 11225
142 6 10613 11228
143 7 10673 11288
144 8 10676 11291
145 1 10980 11590
146 2 11102 11717
147 3 11162 11777
148 4 11165 11780
149 5 11225 11840
150 6 11228 11843
151 7 11288 11903
152 8 11291 11906
153 1 11590 12200
154 2 11717 12332
155 3 11777 12392
156 4 11780 12395
157 5 11840 12455
158 6 11843 12458
159 7 11903 12518
160 8 11906 12521
161 1 12200 12810
162 2 12332 12947
163 3 12392 13007
164 4 12395 13010
165 5 12455 13070
166 6 12458 13073
167 7 12518 13133
168 8 12521 13136
169 1 12810 13420
170 2 12947 13562
171 3 13007 13622
172 4 13010 13625
173 5 13070 13685
174 6 13073 13688
175 7 13133 13748
176 8 13136 13751
177 1 13420 14030
178 2 13562 14177
179 3 13622 14237
180 4 13625 14240
181 5 13685 14300
182 6 13688 14303
183 7 13748 14363
184 8 13751 14366
185 1 14030 14640
186 2 14177 14792
187 3 14237 14852
188 4 14240 14855
189 5 14300 14915
190 6 14303 14918
191 7 14363 14978
192 8 14366 14981
193 1 14640 15250
194 2 14792 15407
195 3 14852 15467
196 4 14855 15470
197 5 14915 15530
198 6 14918 15533
199 7 14978 15593
200 8 14981 15596
201 1 15250 15860
202 2 15407 16022
203 3 15467 16082
204 4 15470 16085
205 5 15530 16145
206 6 15533 16148
207 7 15593 16208
208 8 15596 16211
209 1 15860 16470
210 2 16022 16637
211 3 16082 16697
212 4 16085 16700
213 5 16145 16760
214 6 16148 16763
215 7 16208 16823
216 8 16211 16826
217 1 16470 17080
218 2 16637 17252
219 3 16697 17312
220 4 16700 17315
221 5 16760 17375
222 6 16763 17378
223 7 16823 17438
224 8 16826 17441
225 1 17080 17690
226 2 17252 17867
227 3 17312 17927
229 5 17375 17956
230 6 17378 17993
231 7 17438 18053
232 8 17441 18056
233 1 17690 18344
234 2 17867 18482
235 3 17927 18542
236 5 17956 18568
237 6 17993 18608
238 7 18053 18668
239 8 18056 18671
240 4 18284 18899
241 1 18344 18959
242 2 18482 19097
243 3 18542 19157
244 5 18568 19183
245 6 18608 19223
246 7 18668 19283
247 8 18671 19286
248 4 18899 19514
249 1 18959 19574
250 2 19097 19712
251 3 19157 19772
252 5 19183 19798
253 6 19223 19838
254 7 19283 19898
255 8 19286 19901
256 4 19514 20129
257 1 19574 20189
258 2 19712 20327
259 3 19772 20387
260 5 19798 20413
261 6 19838 20453
262 7 19898 20513
263 8 19901 20516
264 4 20129 20744
265 1 20189 20804
266 2 20327 20942
267 3 20387 21002
268 5 20413 21028
269 6 20453 21068
270 7 20513 21128
271 8 20516 21131
272 4 20744 21359
273 1 20804 21419
274 2 20942 21557
275 3 21002 21617
276 5 21028 21643
277 6 21068 21683
278 7 21128 21743
279 8 21131 21746
280 4 21359 21974
281 1 21419 22034
282 2 21557 22172
283 3 21617 22232
284 5 21643 22258
285 6 21683 22298
286 7 21743 22358
287 8 21746 22361
288 4 21974 22589
289 1 22034 22649
290 2 22172 22787
291 3 22232 22847
292 5 22258 22873
293 6 22298 22913
294 7 22358 22973
295 8 22361 22976
296 4 22589 23204
297 1 22649 23264
298 2 22787 23402
299 3 22847 23462
300 5 22873 23488
301 6 22913 23528
302 7 22973 23588
303 8 22976 23591
304 4 23204 23819
305 1 23264 23879
306 2 23402 24017
307 3 23462 24077
308 5 23488 24103
309 6 23528 24143
310 7 23588 24203
311 8 23591 24206
312 4 23819 24434
313 1 23879 24494
314 2 24017 24632
315 3 24077 24692
316 5 24103 24718
317 6 24143 24758
318 7 24203 24818
319 8 24206 24821
320 4 24434 25049
321 1 24494 25109
322 2 24632 25247
323 3 24692 25307
324 5 24718 25333
325 6 24758 25373
326 7 24818 25433
327 8 24821 25436
328 4 25049 25664
329 1 25109 25724
330 2 25247 25862
331 3 25307 25922
332 5 25333 25948
333 6 25373 25988
334 7 25433 26048
335 8 25436 26051
336 4 25664 26279
337 1 25724 26339
338 2 25862 26477
339 3 25922 26537
340 5 25948 26563
341 6 25988 26603
342 7 26048 26663
343 8 26051 26666
344 4 26279 26894
345 1 26339 26954
346 2 26477 27092
347 3 26537 27152
348 5 26563 27178
349 6 26603 27218
350 7 26663 27278
351 8 26666 27281
352 4 26894 27509
353 1 26954 27569
354 2 27092 27707
355 3 27152 27767
356 5 27178 27793
357 6 27218 27833
358 7 27278 27893
359 8 27281 27896
360 4 27509 28124
361 1 27569 28184
362 2 27707 28322
363 3 27767 28382
364 5 27793 28408
365 6 27833 28448
366 7 27893 28508
367 8 27896 28511
