1 1 0 529 3 658 951
2 2 28 582 5 762 1313
3 6 93 704 3 951 1184
4 7 144 808 4 1004 1237
5 8 172 861 3 1184 1642
6 1 529 1055 4 1237 1695
7 2 582 1108 5 1313 1571
8 6 704 1366 5 1571 2234
9 7 808 1442 3 1642 1900
10 8 861 1495 4 1695 1953
11 1 1055 1771 3 1900 2305
12 2 1108 1824 4 1953 2358
13 6 1366 2029 5 2234 2897
14 7 1442 2105 3 2305 2563
15 8 1495 2158 4 2358 2616
16 1 1771 2434 3 2563 2968
17 2 1824 2487 4 2616 3021
18 6 2029 2692 5 2897 3560
19 7 2105 2768 3 2968 3226
20 8 2158 2821 4 3021 3279
21 1 2434 3097 3 3226 3631
22 2 2487 3150 4 3279 3684
23 6 2692 3355 5 3560 4223
24 7 2768 3431 3 3631 3889
25 8 2821 3484 4 3684 3942
26 1 3097 3760 3 3889 4294
27 2 3150 3813 4 3942 4347
28 6 3355 4018 5 4223 4886
29 7 3431 4094 3 4294 4552
30 8 3484 4147 4 4347 4605
31 1 3760 4423 3 4552 4957
32 2 3813 4476 4 4605 5010
33 6 4018 4681 5 4886 5549
34 7 4094 4757 3 4957 5215
35 8 4147 4810 4 5010 5268
36 1 4423 5086 3 5215 5620
37 2 4476 5139 4 5268 5673
38 6 4681 5344 5 5549 6212
39 7 4757 5420 3 5620 5878
40 8 4810 5473 4 5673 5931
41 1 5086 5749 3 5878 6283
42 2 5139 5802 4 5931 6336
43 6 5344 6007 5 6212 6875
44 7 5420 6083 3 6283 6541
45 8 5473 6136 4 6336 6594
46 1 5749 6412 3 6541 6946
47 2 5802 6465 4 6594 6999
48 6 6007 6670 5 6875 7538
49 7 6083 6746 3 6946 7204
50 8 6136 6799 4 6999 7257
51 1 6412 7075 3 7204 7609
52 2 6465 7128 4 7257 7662
53 6 6670 7333 5 7538 8201
54 7 6746 7409 3 7609 7867
55 8 6799 7462 4 7662 7920
56 1 7075 7738 3 7867 8272
57 2 7128 7791 4 7920 8325
58 6 7333 7996 5 8201 8864
59 7 7409 8072 3 8272 8530
60 8 7462 8125 4 8325 8583
61 1 7738 8401 3 8530 8935
62 2 7791 8454 4 8583 8988
63 6 7996 8659 5 8864 9527
64 7 8072 8735 3 8935 9193
65 8 8125 8788 4 8988 9246
66 1 8401 9064 3 9193 9598
67 2 8454 9117 4 9246 9651
68 6 8659 9322 5 9527 10190
69 7 8735 9398 3 9598 9856
70 8 8788 9451 4 9651 9909
71 1 9064 9727 3 9856 10261
72 2 9117 9780 4 9909 10314
73 6 9322 9985 5 10190 10853
74 7 9398 10061 3 10261 10519
75 8 9451 10114 4 10314 10572
76 1 9727 10390 3 10519 10924
77 2 9780 10443 4 10572 10977
78 6 9985 10648 5 10853 11516
79 7 10061 10724 3 10924 11182
80 8 10114 10777 4 10977 11235
81 1 10390 11053 3 11182 11587
82 2 10443 11106 4 11235 11640
83 6 10648 11311 5 11516 12179
84 7 10724 11387 3 11587 11845
85 8 10777 11440 4 11640 11898
86 1 11053 11716 3 11845 12250
87 2 11106 11769 4 11898 12303
88 6 11311 11974 5 12179 12842
89 7 11387 12050 3 12250 12508
90 8 11440 12103 4 12303 12561
91 1 11716 12379 3 12508 12913
92 2 11769 12432 4 12561 12966
93 6 11974 12637 5 12842 13505
94 7 12050 12713 3 12913 13171
95 8 12103 12766 4 12966 13224
96 1 12379 13042 3 13171 13576
97 2 12432 13095 4 13224 13629
98 6 12637 13300 5 13505 14168
99 7 12713 13376 3 13576 13834
100 8 12766 13429 4 13629 13887
101 1 13042 13705 3 13834 14239
102 2 13095 13758 4 13887 14292
103 6 13300 13963 5 14168 14831
104 7 13376 14039 3 14239 14497
105 8 13429 14092 4 14292 14550
106 1 13705 14368 3 14497 14902
107 2 13758 14421 4 14550 14955
108 6 13963 14626 5 14831 15494
109 7 14039 14702 3 14902 15160
110 8 14092 14755 4 14955 15213
111 1 14368 15031 3 15160 15565
112 2 14421 15084 4 15213 15618
113 6 14626 15289 5 15494 16157
114 7 14702 15365 3 15565 15823
115 8 14755 15418 4 15618 15876
116 1 15031 15694 3 15823 16228
117 2 15084 15747 4 15876 16281
118 6 15289 15952 5 16157 16820
119 7 15365 16028 3 16228 16486
120 8 15418 16081 4 16281 16539
121 1 15694 16357 3 16486 16891
122 2 15747 16410 4 16539 16944
123 6 15952 16615 5 16820 17483
124 7 16028 16691 3 16891 17149
125 8 16081 16744 4 16944 17202
126 1 16357 17020 3 17149 17554
127 2 16410 17073 4 17202 17607
128 6 16615 17278 5 17483 18146
129 7 16691 17354 3 17554 17812
130 8 16744 17407 4 17607 17865
131 1 17020 17683 3 17812 18217
132 2 17073 17736 4 17865 18270
133 6 17278 17941 5 18146 18809
134 7 17354 18017 3 18217 18475
135 8 17407 18070 4 18270 18528
136 1 17683 18346 3 18475 18880
137 2 17736 18399 4 18528 18933
138 6 17941 18604 5 18809 19472
139 7 18017 18680 3 18880 19138
140 8 18070 18733 4 18933 19191
141 1 18346 19009 3 19138 19543
142 2 18399 19062 4 19191 19596
143 6 18604 19267 5 19472 20135
144 7 18680 19343 3 19543 19801
145 8 18733 19396 4 19596 19854
146 1 19009 19672 3 19801 20206
147 2 19062 19725 4 19854 20259
148 6 19267 19930 5 20135 20798
149 7 19343 20006 3 20206 20464
150 8 19396 20059 4 20259 20517
151 1 19672 20335 3 20464 20869
152 2 19725 20388 4 20517 20922
153 6 19930 20593 5 20798 21461
154 7 20006 20669 3 20869 21127
155 8 20059 20722 4 20922 21180
156 1 20335 20998 3 21127 21532
157 2 20388 21051 4 21180 21585
158 6 20593 21256 5 21461 22124
159 7 20669 21332 3 21532 21790
160 8 20722 21385 4 21585 21843
161 1 20998 21661 3 21790 22195
162 2 21051 21714 4 21843 22248
163 6 21256 21919 5 22124 22787
164 7 21332 21995 3 22195 22453
165 8 21385 22048 4 22248 22506
166 1 21661 22324 3 22453 22858
167 2 21714 22377 4 22506 22911
168 6 21919 22582 5 22787 23450
169 7 21995 22658 3 22858 23116
170 8 22048 22711 4 22911 23169
171 1 22324 22987 3 23116 23521
172 2 22377 23040 4 23169 23574
173 6 22582 23245 5 23450 24113
174 7 22658 23321 3 23521 23779
175 8 22711 23374 4 23574 23832
176 1 22987 23650 3 23779 24184
177 2 23040 23703 4 23832 24237
178 6 23245 23908 5 24113 24776
179 7 23321 23984 3 24184 24442
180 8 23374 24037 4 24237 24495
181 1 23650 24313 3 24442 24847
182 2 23703 24366 4 24495 24900
183 6 23908 24571 5 24776 25439
184 7 23984 24647 3 24847 25105
185 8 24037 24700 4 24900 25158
186 1 24313 24976 3 25105 25510
187 2 24366 25029 4 25158 25563
188 6 24571 25234 5 25439 26102
189 7 24647 25310 3 25510 25768
190 8 24700 25363 4 25563 25821
191 1 24976 25639 3 25768 26173
192 2 25029 25692 4 25821 26226
193 6 25234 25897 5 26102 26765
194 7 25310 25973 3 26173 26431
195 8 25363 26026 4 26226 26484
196 1 25639 26302 3 26431 26836
197 2 25692 26355 4 26484 26889
198 6 25897 26560 5 26765 27428
199 7 25973 26636 3 26836 27094
200 8 26026 26689 4 26889 27147
201 1 26302 26965 3 27094 27499
202 2 26355 27018 4 27147 27552
203 6 26560 27223 5 27428 28091
204 7 26636 27299 3 27499 27757
205 8 26689 27352 4 27552 27810
206 1 26965 27628 3 27757 28162
207 2 27018 27681 4 27810 28215
208 6 27223 27886 5 28091 28754
209 7 27299 27962 3 28162 28420
210 8 27352 28015 4 28215 28473
211 1 27628 28291 3 28420 28935
212 2 27681 28344 4 28473 28988
213 6 27886 28549 5 28754 28806
