1 1 0 482
2 2 29 516
3 6 95 589
4 7 116 639
5 8 119 642
6 1 482 964
7 2 516 1003
8 6 589 1110
9 7 639 1131
10 8 642 1134
11 1 964 1446
12 2 1003 1490
13 6 1110 1597
14 7 1131 1618
15 8 1134 1621
16 1 1446 1928
17 2 1490 1977
18 6 1597 2084
19 7 1618 2105
20 8 1621 2108
21 1 1928 2410
22 2 1977 2464
23 6 2084 2571
24 7 2105 2592
25 8 2108 2595
26 1 2410 2892
27 2 2464 2951
28 6 2571 3058
29 7 2592 3079
30 8 2595 3082
31 1 2892 3374
32 2 2951 3438
33 6 3058 3545
34 7 3079 3566
35 8 3082 3569
36 1 3374 3856
37 2 3438 3925
38 6 3545 4032
39 7 3566 4053
40 8 3569 4056
41 1 3856 4338
42 2 3925 4412
43 6 4032 4519
44 7 4053 4540
45 8 4056 4543
46 1 4338 4820
47 2 4412 4899
48 6 4519 5006
49 7 4540 5027
50 8 4543 5030
51 1 4820 5302
52 2 4899 5386
53 6 5006 5493
54 7 5027 5514
55 8 5030 5517
56 1 5302 5784
57 2 5386 5873
58 6 5493 5980
59 7 5514 6001
60 8 5517 6004
61 1 5784 6266
62 2 5873 6360
63 6 5980 6467
64 7 6001 6488
65 8 6004 6491
66 1 6266 6748
67 2 6360 6847
68 6 6467 6954
69 7 6488 6975
70 8 6491 6978
71 1 6748 7230
72 2 6847 7334
73 6 6954 7441
74 7 6975 7462
75 8 6978 7465
76 1 7230 7712
77 2 7334 7821
78 6 7441 7928
79 7 7462 7949
80 8 7465 7952
81 1 7712 8194
82 2 7821 8308
83 6 7928 8415
84 7 7949 8436
85 8 7952 8439
86 1 8194 8676
87 2 8308 8795
88 6 8415 8902
89 7 8436 8923
90 8 8439 8926
91 1 8676 9158
92 2 8795 9282
93 6 8902 9389
94 7 8923 9410
95 8 8926 9413
96 1 9158 9640
97 2 9282 9769
98 6 9389 9876
99 7 9410 9897
100 8 9413 9900
101 1 9640 10122
102 2 9769 10256
103 6 9876 10363
104 7 9897 10384
105 8 9900 10387
106 1 10122 10604
107 2 10256 10743
108 6 10363 10850
109 7 10384 10871
110 8 10387 10874
111 1 10604 11086
112 2 10743 11230
113 6 10850 11337
114 7 10871 11358
115 8 10874 11361
116 1 11086 11568
117 2 11230 11717
118 6 11337 11824
119 7 11358 11845
120 8 11361 11848
121 1 11568 12050
122 2 11717 12204
123 6 11824 12311
124 7 11845 12332
125 8 11848 12335
126 1 12050 12532
127 2 12204 12691
128 6 12311 12798
129 7 12332 12819
130 8 12335 12822
131 1 12532 13014
132 2 12691 13178
133 6 12798 13285
134 7 12819 13306
135 8 12822 13309
136 1 13014 13499
137 2 13178 13665
138 6 13285 13772
139 7 13306 13793
140 8 13309 13796
141 1 13499 13986
142 2 13665 14152
143 6 13772 14259
144 7 13793 14280
145 8 13796 14283
146 1 13986 14473
147 2 14152 14639
148 6 14259 14746
149 7 14280 14767
150 8 14283 14770
151 1 14473 14960
152 2 14639 15126
153 6 14746 15233
154 7 14767 15254
155 8 14770 15257
156 1 14960 15447
157 2 15126 15613
158 6 15233 15720
159 7 15254 15741
160 8 15257 15744
161 1 15447 15934
162 2 15613 16100
163 6 15720 16207
164 7 15741 16228
165 8 15744 16231
166 1 15934 16421
167 2 16100 16587
168 6 16207 16694
169 7 16228 16715
170 8 16231 16718
171 1 16421 16908
172 2 16587 17074
173 6 16694 17181
174 7 16715 17202
175 8 16718 17205
176 1 16908 17395
177 2 17074 17561
178 6 17181 17668
179 7 17202 17689
180 8 17205 17692
181 1 17395 17882
182 2 17561 18048
183 6 17668 18155
184 7 17689 18176
185 8 17692 18179
186 1 17882 18369
187 2 18048 18535
188 6 18155 18642
189 7 18176 18663
190 8 18179 18666
191 1 18369 18856
192 2 18535 19022
193 6 18642 19129
194 7 18663 19150
195 8 18666 19153
196 1 18856 19343
197 2 19022 19509
198 6 19129 19616
199 7 19150 19637
200 8 19153 19640
201 1 19343 19830
202 2 19509 19996
203 6 19616 20103
204 7 19637 20124
205 8 19640 20127
206 1 19830 20317
207 2 19996 20483
208 6 20103 20590
209 7 20124 20611
210 8 20127 20614
211 1 20317 20804
212 2 20483 20970
213 6 20590 21077
214 7 20611 21098
215 8 20614 21101
216 1 20804 21291
217 2 20970 21457
218 6 21077 21564
219 7 21098 21585
220 8 21101 21588
221 1 21291 21778
222 2 21457 21944
223 6 21564 22051
224 7 21585 22072
225 8 21588 22075
226 1 21778 22265
227 2 21944 22431
228 6 22051 22538
229 7 22072 22559
230 8 22075 22562
231 1 22265 22752
232 2 22431 22918
233 6 22538 23025
234 7 22559 23046
235 8 22562 23049
236 1 22752 23239
237 2 22918 23405
238 6 23025 23512
239 7 23046 23533
240 8 23049 23536
241 1 23239 23726
242 2 23405 23892
243 6 23512 23999
244 7 23533 24020
245 8 23536 24023
246 1 23726 24213
247 2 23892 24379
248 6 23999 24486
249 7 24020 24507
250 8 24023 24510
251 1 24213 24700
252 2 24379 24866
253 6 24486 24973
254 7 24507 24994
255 8 24510 24997
256 1 24700 25187
257 2 24866 25353
258 6 24973 25460
259 7 24994 25481
260 8 24997 25484
261 1 25187 25674
263 6 25460 25916
264 7 25481 26032
265 8 25484 26035
266 1 25674 26130
267 6 25916 26403
268 7 26032 26488
269 8 26035 26522
270 1 26130 26650
271 6 26403 26890
272 7 26488 27006
273 8 26522 27009
274 1 26650 27106
275 2 26653 27140
276 6 26890 27377
277 7 27006 27462
278 8 27009 27496
279 1 27106 27624
280 2 27140 27627
281 6 27377 27864
282 7 27462 27944
283 8 27496 27983
284 1 27624 28111
285 2 27627 28114
286 6 27864 28351
