1 1 0 428 2 456 884
2 3 48 507 4 535 988
3 5 96 586 6 614 1092
4 7 144 665 8 693 1196
5 1 428 856 2 884 1326
6 3 507 960 4 988 1430
7 5 586 1064 6 1092 1534
8 7 665 1168 8 1196 1638
9 1 856 1298 2 1326 1768
10 3 960 1402 4 1430 1872
11 5 1064 1506 6 1534 1976
12 7 1168 1610 8 1638 2080
13 1 1298 1740 2 1768 2210
14 3 1402 1844 4 1872 2314
15 5 1506 1948 6 1976 2418
16 7 1610 2052 8 2080 2522
17 1 1740 2182 2 2210 2652
18 3 1844 2286 4 2314 2756
19 5 1948 2390 6 2418 2860
20 7 2052 2494 8 2522 2964
21 1 2182 2624 2 2652 3094
22 3 2286 2728 4 2756 3198
23 5 2390 2832 6 2860 3302
24 7 2494 2936 8 2964 3406
25 1 2624 3066 2 3094 3536
26 3 2728 3170 4 3198 3640
27 5 2832 3274 6 3302 3744
28 7 2936 3378 8 3406 3848
29 1 3066 3508 2 3536 3978
30 3 3170 3612 4 3640 4082
31 5 3274 3716 6 3744 4186
32 7 3378 3820 8 3848 4290
33 1 3508 3950 2 3978 4420
34 3 3612 4054 4 4082 4524
35 5 3716 4158 6 4186 4628
36 7 3820 4262 8 4290 4732
37 1 3950 4392 2 4420 4862
38 3 4054 4496 4 4524 4966
39 5 4158 4600 6 4628 5070
40 7 4262 4704 8 4732 5174
41 1 4392 4834 2 4862 5304
42 3 4496 4938 4 4966 5408
43 5 4600 5042 6 5070 5512
44 7 4704 5146 8 5174 5616
45 1 4834 5276 2 5304 5746
46 3 4938 5380 4 5408 5850
47 5 5042 5484 6 5512 5954
48 7 5146 5588 8 5616 6058
49 1 5276 5718 2 5746 6188
50 3 5380 5822 4 5850 6292
51 5 5484 5926 6 5954 6396
52 7 5588 6030 8 6058 6500
53 1 5718 6160 2 6188 6630
54 3 5822 6264 4 6292 6734
55 5 5926 6368 6 6396 6838
56 7 6030 6472 8 6500 6942
57 1 6160 6602 2 6630 7072
58 3 6264 6706 4 6734 7176
59 5 6368 6810 6 6838 7280
60 7 6472 6914 8 6942 7384
61 1 6602 7044 2 7072 7514
62 3 6706 7148 4 7176 7618
63 5 6810 7252 6 7280 7722
64 7 6914 7356 8 7384 7826
65 1 7044 7486 2 7514 7956
66 3 7148 7590 4 7618 8060
67 5 7252 7694 6 7722 8164
68 7 7356 7798 8 7826 8268
69 1 7486 7928 2 7956 8398
70 3 7590 8032 4 8060 8502
71 5 7694 8136 6 8164 8606
72 7 7798 8240 8 8268 8710
73 1 7928 8370 2 8398 8840
74 3 8032 8474 4 8502 8944
75 5 8136 8578 6 8606 9048
76 7 8240 8682 8 8710 9152
77 1 8370 8812 2 8840 9282
78 3 8474 8916 4 8944 9386
79 5 8578 9020 6 9048 9490
80 7 8682 9124 8 9152 9594
81 1 8812 9254 2 9282 9724
82 3 8916 9358 4 9386 9828
83 5 9020 9462 6 9490 9932
84 7 9124 9566 8 9594 10036
85 1 9254 9696 2 9724 10166
86 3 9358 9800 4 9828 10270
87 5 9462 9904 6 9932 10374
88 7 9566 10008 8 10036 10478
89 1 9696 10138 2 10166 10608
90 3 9800 10242 4 10270 10712
91 5 9904 10346 6 10374 10816
92 7 10008 10450 8 10478 10920
93 1 10138 10580 2 10608 11050
94 3 10242 10684 4 10712 11154
95 5 10346 10788 6 10816 11258
96 7 10450 10892 8 10920 11362
97 1 10580 11022 2 11050 11492
98 3 10684 11126 4 11154 11596
99 5 10788 11230 6 11258 11700
100 7 10892 11334 8 11362 11804
101 1 11022 11464 2 11492 11934
102 3 11126 11568 4 11596 12038
103 5 11230 11672 6 11700 12142
104 7 11334 11776 8 11804 12246
105 1 11464 11906 2 11934 12376
106 3 11568 12010 4 12038 12480
107 5 11672 12114 6 12142 12584
108 7 11776 12218 8 12246 12688
109 1 11906 12348 2 12376 12818
110 3 12010 12452 4 12480 12922
111 5 12114 12556 6 12584 13026
112 7 12218 12660 8 12688 13130
113 1 12348 12790 2 12818 13260
114 3 12452 12894 4 12922 13364
115 5 12556 12998 6 13026 13468
116 7 12660 13102 8 13130 13572
117 1 12790 13232 2 13260 13702
118 3 12894 13336 4 13364 13806
119 5 12998 13440 6 13468 13910
120 7 13102 13544 8 13572 14014
121 1 13232 13674 2 13702 14144
122 3 13336 13778 4 13806 14248
123 5 13440 13882 6 13910 14352
124 7 13544 13986 8 14014 14456
125 1 13674 14116 2 14144 14586
126 3 13778 14220 4 14248 14690
127 5 13882 14324 6 14352 14794
128 7 13986 14428 8 14456 14898
129 1 14116 14558 2 14586 15028
130 3 14220 14662 4 14690 15132
131 5 14324 14766 6 14794 15236
132 7 14428 14870 8 14898 15340
133 1 14558 15000 2 15028 15470
134 3 14662 15104 4 15132 15574
135 5 14766 15208 6 15236 15678
136 7 14870 15312 8 15340 15782
137 1 15000 15442 2 15470 15912
138 3 15104 15546 4 15574 16016
139 5 15208 15650 6 15678 16120
140 7 15312 15754 8 15782 16224
141 1 15442 15884 2 15912 16354
142 3 15546 15988 4 16016 16458
143 5 15650 16092 6 16120 16562
144 7 15754 16196 8 16224 16666
145 1 15884 16326 2 16354 16796
146 3 15988 16430 4 16458 16900
147 5 16092 16534 6 16562 17004
148 7 16196 16638 8 16666 17108
149 1 16326 16768 2 16796 17238
150 3 16430 16872 4 16900 17342
151 5 16534 16976 6 17004 17446
152 7 16638 17080 8 17108 17550
153 1 16768 17210 2 17238 17680
154 3 16872 17314 4 17342 17784
155 5 16976 17418 6 17446 17888
156 7 17080 17522 8 17550 17992
157 1 17210 17652 2 17680 18122
158 3 17314 17756 4 17784 18226
159 5 17418 17860 6 17888 18330
160 7 17522 17964 8 17992 18434
161 1 17652 18094 2 18122 18564
162 3 17756 18198 4 18226 18668
163 5 17860 18302 6 18330 18772
164 7 17964 18406 8 18434 18876
165 1 18094 18536 2 18564 19006
166 3 18198 18640 4 18668 19110
167 5 18302 18744 6 18772 19214
168 7 18406 18848 8 18876 19318
169 1 18536 18978 2 19006 19448
170 3 18640 19082 4 19110 19552
171 5 18744 19186 6 19214 19656
172 7 18848 19290 8 19318 19760
173 1 18978 19420 2 19448 19890
174 3 19082 19524 4 19552 19994
175 5 19186 19628 6 19656 20098
176 7 19290 19732 8 19760 20202
177 1 19420 19862 2 19890 20332
178 3 19524 19966 4 19994 20436
179 5 19628 20070 6 20098 20540
180 7 19732 20174 8 20202 20644
181 1 19862 20304 2 20332 20774
182 3 19966 20408 4 20436 20878
183 5 20070 20512 6 20540 20982
184 7 20174 20616 8 20644 21086
185 1 20304 20746 2 20774 21216
186 3 20408 20850 4 20878 21320
187 5 20512 20954 6 20982 21424
188 7 20616 21058 8 21086 21528
189 1 20746 21188 2 21216 21658
190 3 20850 21292 4 21320 21762
191 5 20954 21396 6 21424 21866
192 7 21058 21500 8 21528 21970
193 1 21188 21630 2 21658 22100
194 3 21292 21734 4 21762 22204
195 5 21396 21838 6 21866 22308
196 7 21500 21942 8 21970 22412
197 1 21630 22072 2 22100 22542
198 3 21734 22176 4 22204 22646
199 5 21838 22280 6 22308 22750
200 7 21942 22384 8 22412 22854
201 1 22072 22514 2 22542 22984
202 3 22176 22618 4 22646 23088
203 5 22280 22722 6 22750 23192
204 7 22384 22826 8 22854 23296
205 1 22514 22956 2 22984 23426
206 3 22618 23060 4 23088 23530
207 5 22722 23164 6 23192 23634
208 7 22826 23268 8 23296 23738
209 1 22956 23398 2 23426 23868
210 3 23060 23502 4 23530 23972
211 5 23164 23606 6 23634 24076
212 7 23268 23710 8 23738 24180
213 1 23398 23840 2 23868 24310
214 3 23502 23944 4 23972 24414
215 5 23606 24048 6 24076 24518
216 7 23710 24152 8 24180 24622
217 1 23840 24282 2 24310 24752
218 3 23944 24386 4 24414 24856
219 5 24048 24490 6 24518 24960
220 7 24152 24594 8 24622 25064
221 1 24282 24724 2 24752 25194
222 3 24386 24828 4 24856 25298
223 5 24490 24932 6 24960 25402
224 7 24594 25036 8 25064 25506
225 1 24724 25166 2 25194 25636
226 3 24828 25270 4 25298 25740
227 5 24932 25374 6 25402 25844
228 7 25036 25478 8 25506 25948
229 1 25166 25608 2 25636 26078
230 3 25270 25712 4 25740 26182
231 5 25374 25816 6 25844 26286
232 7 25478 25920 8 25948 26390
233 1 25608 26050 2 26078 26520
234 3 25712 26154 4 26182 26624
235 5 25816 26258 6 26286 26728
236 7 25920 26362 8 26390 26832
237 1 26050 26492 2 26520 26962
238 3 26154 26596 4 26624 27066
239 5 26258 26700 6 26728 27170
240 7 26362 26804 8 26832 27274
241 1 26492 26934 2 26962 27404
242 3 26596 27038 4 27066 27508
243 5 26700 27142 6 27170 27612
244 7 26804 27246 8 27274 27716
245 1 26934 27376 2 27404 27846
246 3 27038 27480 4 27508 27950
247 5 27142 27584 6 27612 28054
248 7 27246 27688 8 27716 28158
249 1 27376 27818 2 27846 28288
250 3 27480 27922 4 27950 28392
251 5 27584 28026 6 28054 28496
252 7 27688 28130 8 28158 28600
253 1 27818 28260 2 28288 28730
