1 2 0 315 1 350 880
2 4 58 403 3 438 998
3 6 116 491 5 526 1157
4 8 174 579 7 614 1275
5 2 315 703 1 880 1429
6 4 403 963 3 998 1547
7 6 491 1217 7 1275 1805
8 8 579 1335 1 1429 1959
9 2 703 1081 5 1157 1687
10 4 963 1607 5 1687 2217
11 2 1081 1489 3 1547 2077
12 6 1217 1747 7 1805 2335
13 8 1335 1865 1 1959 2489
14 2 1489 2019 3 2077 2607
15 4 1607 2137 5 2217 2747
16 6 1747 2277 7 2335 2865
17 8 1865 2395 1 2489 3019
18 2 2019 2549 3 2607 3137
19 4 2137 2667 5 2747 3277
20 6 2277 2807 7 2865 3395
21 8 2395 2925 1 3019 3549
22 2 2549 3079 3 3137 3667
23 4 2667 3197 5 3277 3807
24 6 2807 3337 7 3395 3925
25 8 2925 3455 1 3549 4079
26 2 3079 3609 3 3667 4197
27 4 3197 3727 5 3807 4337
28 6 3337 3867 7 3925 4455
29 8 3455 3985 1 4079 4609
30 2 3609 4139 3 4197 4727
31 4 3727 4257 5 4337 4867
32 6 3867 4397 7 4455 4985
33 8 3985 4515 1 4609 5139
34 2 4139 4669 3 4727 5257
35 4 4257 4787 5 4867 5397
36 6 4397 4927 7 4985 5515
37 8 4515 5045 1 5139 5669
38 2 4669 5199 3 5257 5787
39 4 4787 5317 5 5397 5927
40 6 4927 5457 7 5515 6045
41 8 5045 5575 1 5669 6199
42 2 5199 5729 3 5787 6317
43 4 5317 5847 5 5927 6457
44 6 5457 5987 7 6045 6575
45 8 5575 6105 1 6199 6729
46 2 5729 6259 3 6317 6847
47 4 5847 6377 5 6457 6987
48 6 5987 6517 7 6575 7105
49 8 6105 6635 1 6729 7259
50 2 6259 6789 3 6847 7377
51 4 6377 6907 5 6987 7517
52 6 6517 7047 7 7105 7635
53 8 6635 7165 1 7259 7789
54 2 6789 7319 3 7377 7907
55 4 6907 7437 5 7517 8047
56 6 7047 7577 7 7635 8165
57 8 7165 7695 1 7789 8319
58 2 7319 7849 3 7907 8437
59 4 7437 7967 5 8047 8577
60 6 7577 8107 7 8165 8695
61 8 7695 8225 1 8319 8849
62 2 7849 8379 3 8437 8967
63 4 7967 8497 5 8577 9107
64 6 8107 8637 7 8695 9225
65 8 8225 8755 1 8849 9379
66 2 8379 8909 3 8967 9497
67 4 8497 9027 5 9107 9637
68 6 8637 9167 7 9225 9755
69 8 8755 9285 1 9379 9909
70 2 8909 9439 3 9497 10027
71 4 9027 9557 5 9637 10167
72 6 9167 9697 7 9755 10285
73 8 9285 9815 1 9909 10439
74 2 9439 9969 3 10027 10557
75 4 9557 10087 5 10167 10697
76 6 9697 10227 7 10285 10815
77 8 9815 10345 1 10439 10969
78 2 9969 10499 3 10557 11087
79 4 10087 10617 5 10697 11227
80 6 10227 10757 7 10815 11345
81 8 10345 10875 1 10969 11499
82 2 10499 11029 3 11087 11617
83 4 10617 11147 5 11227 11757
84 6 10757 11287 7 11345 11875
85 8 10875 11405 1 11499 12029
86 2 11029 11559 3 11617 12147
87 4 11147 11677 5 11757 12287
88 6 11287 11817 7 11875 12405
89 8 11405 11935 1 12029 12559
90 2 11559 12089 3 12147 12677
91 4 11677 12207 5 12287 12817
92 6 11817 12347 7 12405 12935
93 8 11935 12465 1 12559 13089
94 2 12089 12619 3 12677 13207
95 4 12207 12737 5 12817 13347
96 6 12347 12877 7 12935 13465
97 8 12465 12995 1 13089 13619
98 2 12619 13149 3 13207 13737
99 4 12737 13267 5 13347 13877
100 6 12877 13407 7 13465 13995
101 8 12995 13525 1 13619 14149
102 2 13149 13679 3 13737 14267
103 4 13267 13797 5 13877 14407
104 6 13407 13937 7 13995 14525
105 8 13525 14055 1 14149 14679
106 2 13679 14209 3 14267 14797
107 4 13797 14327 5 14407 14937
108 6 13937 14467 7 14525 15055
109 8 14055 14585 1 14679 15209
110 2 14209 14739 3 14797 15327
111 4 14327 14857 5 14937 15467
112 6 14467 14997 7 15055 15585
113 8 14585 15115 1 15209 15739
114 2 14739 15269 3 15327 15857
115 4 14857 15387 5 15467 15997
116 6 14997 15527 7 15585 16115
117 8 15115 15645 1 15739 16269
118 2 15269 15799 3 15857 16387
119 4 15387 15917 5 15997 16527
120 6 15527 16057 7 16115 16645
121 8 15645 16175 1 16269 16799
122 2 15799 16329 3 16387 16917
123 4 15917 16447 5 16527 17057
124 6 16057 16587 7 16645 17175
125 8 16175 16705 1 16799 17329
126 2 16329 16859 3 16917 17447
127 4 16447 16977 5 17057 17587
128 6 16587 17117 7 17175 17705
129 8 16705 17235 1 17329 17859
130 2 16859 17389 3 17447 17977
131 4 16977 17507 5 17587 18117
132 6 17117 17647 7 17705 18235
133 8 17235 17765 1 17859 18389
134 2 17389 17919 3 17977 18507
135 4 17507 18037 5 18117 18647
136 6 17647 18177 7 18235 18765
137 8 17765 18295 1 18389 18919
138 2 17919 18449 3 18507 19037
139 4 18037 18567 5 18647 19177
140 6 18177 18707 7 18765 19295
141 8 18295 18825 1 18919 19449
142 2 18449 18979 3 19037 19567
143 4 18567 19097 5 19177 19707
144 6 18707 19237 7 19295 19825
145 8 18825 19355 1 19449 19979
146 2 18979 19509 3 19567 20097
147 4 19097 19627 5 19707 20237
148 6 19237 19767 7 19825 20355
149 8 19355 19885 1 19979 20509
150 2 19509 20039 3 20097 20627
151 4 19627 20157 5 20237 20767
152 6 19767 20297 7 20355 20885
153 8 19885 20415 1 20509 21039
154 2 20039 20569 3 20627 21157
155 4 20157 20687 5 20767 21297
156 6 20297 20827 7 20885 21415
157 8 20415 20945 1 21039 21569
158 2 20569 21099 3 21157 21687
159 4 20687 21217 5 21297 21827
160 6 20827 21357 7 21415 21945
161 8 20945 21475 1 21569 22099
162 2 21099 21629 3 21687 22217
163 4 21217 21747 5 21827 22357
164 6 21357 21887 7 21945 22475
165 8 21475 22005 1 22099 22629
166 2 21629 22159 3 22217 22747
167 4 21747 22277 5 22357 22887
168 6 21887 22417 7 22475 23005
169 8 22005 22535 1 22629 23159
170 2 22159 22689 3 22747 23277
171 4 22277 22807 5 22887 23417
172 6 22417 22947 7 23005 23535
173 8 22535 23065 1 23159 23689
174 2 22689 23219 3 23277 23807
175 4 22807 23337 5 23417 23947
176 6 22947 23477 7 23535 24065
177 8 23065 23595 1 23689 24219
178 2 23219 23749 3 23807 24337
179 4 23337 23867 5 23947 24477
180 6 23477 24007 7 24065 24595
181 8 23595 24125 1 24219 24749
182 2 23749 24279 3 24337 24867
183 4 23867 24397 5 24477 25007
184 6 24007 24537 7 24595 25125
185 8 24125 24655 1 24749 25279
186 2 24279 24809 3 24867 25397
187 4 24397 24927 5 25007 25537
188 6 24537 25067 7 25125 25655
189 8 24655 25185 1 25279 25809
190 2 24809 25339 3 25397 25927
191 4 24927 25457 5 25537 26067
192 6 25067 25597 7 25655 26185
193 8 25185 25715 1 25809 26339
194 2 25339 25869 3 25927 26457
195 4 25457 25987 5 26067 26597
196 6 25597 26127 7 26185 26715
197 8 25715 26245 1 26339 26869
198 2 25869 26399 3 26457 26987
199 4 25987 26517 5 26597 27127
200 6 26127 26657 7 26715 27245
201 8 26245 26775 1 26869 27399
202 2 26399 26929 3 26987 27517
203 4 26517 27047 5 27127 27657
204 6 26657 27187 7 27245 27775
205 8 26775 27305 1 27399 27929
206 2 26929 27459 3 27517 28047
207 4 27047 27577 5 27657 28187
208 6 27187 27717 7 27775 28305
209 8 27305 27835 1 27929 28459
210 2 27459 27989 3 28047 28577
211 4 27577 28107 5 28187 28717
