1 1 0 428 2 456 884
2 3 48 507 4 535 988
3 5 96 586 6 614 1092
4 7 144 665 8 693 1196
5 1 428 856 2 884 1326
6 3 507 960 4 988 1430
7 5 586 1064 6 1092 1534
8 7 665 1168 8 1196 1638
9 1 856 1298 2 1326 1768
10 3 960 1402 4 1430 1872
11 5 1064 1506 6 1534 1976
12 7 1168 1610 8 1638 2080
14 3 1402 1844 4 1872 2281
15 5 1506 1948 6 1976 2385
16 7 1610 2052 8 2080 2489
17 1 1740 2182 4 2281 2690
18 3 1844 2337 6 2385 2813
19 5 1948 2441 8 2489 2917
20 7 2052 2545 4 2690 3099
21 1 2182 3175 2 3203 3631
22 3 2337 2765 6 2813 3302
23 5 2441 2869 8 2917 3406
24 7 2545 2973 4 3099 3523
25 3 2765 3254 6 3302 3755
26 5 2869 3358 8 3406 3859
27 7 2973 3462 4 3523 3976
28 1 3175 3603 2 3631 4080
29 3 3254 3707 6 3755 4204
30 5 3358 3811 8 3859 4308
31 7 3462 3915 4 3976 4425
32 1 3603 4052 2 4080 4529
33 3 3707 4156 6 4204 4653
34 5 3811 4260 8 4308 4757
35 7 3915 4364 4 4425 4874
36 1 4052 4501 2 4529 4978
37 3 4156 4605 6 4653 5102
38 5 4260 4709 8 4757 5206
39 7 4364 4813 4 4874 5323
40 1 4501 4950 2 4978 5427
41 3 4605 5054 6 5102 5551
42 5 4709 5158 8 5206 5655
43 7 4813 5262 4 5323 5959
44 1 4950 5399 2 5427 5855
45 3 5054 5503 6 5551 6063
46 5 5158 5607 8 5655 7023
48 1 5399 5827 2 5855 6283
49 3 5503 5931 4 5959 6387
50 5 5607 6035 6 6063 6491
51 1 5827 6255 2 6283 6711
52 3 5931 6359 4 6387 6815
53 5 6035 6463 6 6491 6919
54 1 6255 6683 2 6711 7153
55 3 6359 6787 4 6815 7257
56 5 6463 6891 6 6919 7361
57 7 6567 6995 8 7023 7465
58 1 6683 7125 2 7153 7595
59 3 6787 7229 4 7257 7699
60 5 6891 7333 6 7361 7803
61 7 6995 7437 8 7465 7907
62 1 7125 7567 2 7595 8037
63 3 7229 7671 4 7699 8141
64 5 7333 7775 6 7803 8245
65 7 7437 7879 8 7907 8349
66 1 7567 8009 2 8037 8479
67 3 7671 8113 4 8141 8583
68 5 7775 8217 6 8245 8687
69 7 7879 8321 8 8349 8791
70 1 8009 8451 2 8479 8921
71 3 8113 8555 4 8583 9025
72 5 8217 8659 6 8687 9129
73 7 8321 8763 8 8791 9233
74 1 8451 8893 2 8921 9363
75 3 8555 8997 4 9025 9467
76 5 8659 9101 6 9129 9571
77 7 8763 9205 8 9233 9675
78 1 8893 9335 2 9363 9805
79 3 8997 9439 4 9467 9909
80 5 9101 9543 6 9571 10013
81 7 9205 9647 8 9675 10117
82 1 9335 9777 2 9805 10247
83 3 9439 9881 4 9909 10351
84 5 9543 9985 6 10013 10455
85 7 9647 10089 8 10117 10559
86 1 9777 10219 2 10247 10689
87 3 9881 10323 4 10351 10793
88 5 9985 10427 6 10455 10897
89 7 10089 10531 8 10559 11001
90 1 10219 10661 2 10689 11131
91 3 10323 10765 4 10793 11235
92 5 10427 10869 6 10897 11339
93 7 10531 10973 8 11001 11443
94 1 10661 11103 2 11131 11573
95 3 10765 11207 4 11235 11677
96 5 10869 11311 6 11339 11781
97 7 10973 11415 8 11443 11885
98 1 11103 11545 2 11573 12015
99 3 11207 11649 4 11677 12119
100 5 11311 11753 6 11781 12223
102 1 11545 11987 2 12015 12424
103 3 11649 12091 4 12119 12528
104 5 11753 12195 6 12223 12632
105 7 11857 12299 2 12424 12863
106 1 11987 12480 4 12528 12967
107 3 12091 12584 6 12632 13071
108 5 12195 12688 8 12758 13175
109 7 12299 12789 2 12863 13305
110 1 12480 12919 4 12967 13409
111 3 12584 13023 6 13071 13513
112 5 12688 13127 8 13175 13617
113 7 12789 13231 2 13305 13747
114 1 12919 13361 4 13409 13851
115 3 13023 13465 6 13513 13955
116 5 13127 13569 8 13617 14059
117 7 13231 13673 2 13747 14189
118 1 13361 13803 4 13851 14293
119 3 13465 13907 6 13955 14397
120 5 13569 14011 8 14059 14501
121 7 13673 14115 2 14189 14631
122 1 13803 14245 4 14293 14735
123 3 13907 14349 6 14397 14839
124 5 14011 14453 8 14501 14943
125 7 14115 14557 2 14631 15073
126 1 14245 14687 4 14735 15177
127 3 14349 14791 6 14839 15281
128 5 14453 14895 8 14943 15385
129 7 14557 14999 2 15073 15515
130 1 14687 15129 4 15177 15619
131 3 14791 15233 6 15281 15723
132 5 14895 15337 8 15385 15827
133 7 14999 15441 2 15515 15957
134 1 15129 15571 4 15619 16061
135 3 15233 15675 6 15723 16165
136 5 15337 15779 8 15827 16269
137 7 15441 15883 2 15957 16399
138 1 15571 16013 4 16061 16503
139 3 15675 16117 6 16165 16607
140 5 15779 16221 8 16269 16711
141 7 15883 16325 2 16399 16841
142 1 16013 16455 4 16503 16945
143 3 16117 16559 6 16607 17049
144 5 16221 16663 8 16711 17153
145 7 16325 16767 2 16841 17283
146 1 16455 16897 4 16945 17387
147 3 16559 17001 6 17049 17491
148 5 16663 17105 8 17153 17595
149 7 16767 17209 2 17283 17725
150 1 16897 17339 4 17387 17829
151 3 17001 17443 6 17491 17933
152 5 17105 17547 8 17595 18037
153 7 17209 17651 2 17725 18167
154 1 17339 17781 4 17829 18271
155 3 17443 17885 6 17933 18375
156 5 17547 17989 8 18037 18479
157 7 17651 18093 2 18167 18609
158 1 17781 18223 4 18271 18713
159 3 17885 18327 6 18375 18817
160 5 17989 18431 8 18479 18921
161 7 18093 18535 2 18609 19051
162 1 18223 18665 4 18713 19155
163 3 18327 18769 6 18817 19259
164 5 18431 18873 8 18921 19363
165 7 18535 18977 2 19051 19493
166 1 18665 19107 4 19155 19597
167 3 18769 19211 6 19259 19701
168 5 18873 19315 8 19363 19805
170 1 19107 19549 4 19597 20006
171 3 19211 19653 6 19701 20129
172 5 19315 19757 8 19805 20233
173 7 19419 19861 4 20006 20415
174 1 19549 20491 6 20552 21007
175 3 19653 20081 6 20129 20552
176 5 19757 20185 8 20233 20661
177 7 19861 20289 4 20415 20870
178 3 20081 20842 4 20870 21345
179 5 20185 20613 8 20661 21111
180 7 20289 20717 2 20791 21241
181 1 20491 20946 6 21007 21482
182 5 20613 21063 8 21111 21586
183 7 20717 21167 2 21241 21716
184 3 20842 21317 4 21345 21820
185 1 20946 21421 6 21482 21957
186 5 21063 21538 8 21586 22061
187 7 21167 21642 2 21716 22191
188 3 21317 21792 4 21820 22295
189 1 21421 21896 6 21957 22432
190 5 21538 22013 8 22061 22536
191 7 21642 22117 2 22191 22666
192 3 21792 22267 4 22295 22770
193 1 21896 22371 6 22432 22907
194 5 22013 22488 8 22536 23011
195 7 22117 22592 2 22666 23141
196 3 22267 22742 4 22770 23245
197 1 22371 22846 6 22907 23382
198 5 22488 22963 8 23011 23486
199 7 22592 23067 2 23141 23616
200 3 22742 23217 4 23245 23720
201 1 22846 23321 6 23382 23857
202 5 22963 23438 8 23486 23961
203 7 23067 23542 2 23616 24091
204 3 23217 23692 4 23720 24195
205 1 23321 23796 6 23857 24332
206 5 23438 23913 8 23961 24436
207 7 23542 24017 2 24091 24566
208 3 23692 24167 4 24195 24670
209 1 23796 24271 6 24332 24807
210 5 23913 24388 8 24436 24911
211 7 24017 24492 2 24566 25041
212 3 24167 24642 4 24670 25145
213 1 24271 24746 6 24807 25282
214 5 24388 24863 8 24911 25386
215 7 24492 24967 2 25041 25516
216 3 24642 25117 4 25145 25620
217 1 24746 25221 6 25282 25757
218 5 24863 25338 8 25386 25861
219 7 24967 25442 2 25516 25991
220 3 25117 25592 4 25620 26095
221 1 25221 25696 6 25757 26232
222 5 25338 25813 8 25861 26336
223 7 25442 25917 2 25991 26466
224 3 25592 26067 4 26095 26570
225 1 25696 26171 6 26232 26707
226 5 25813 26288 8 26336 26811
227 7 25917 26392 2 26466 26941
228 3 26067 26542 4 26570 27045
229 1 26171 26646 6 26707 27182
230 5 26288 26763 8 26811 27286
231 7 26392 26867 2 26941 27416
232 3 26542 27017 4 27045 27520
233 1 26646 27121 6 27182 27657
234 5 26763 27238 8 27286 27761
235 7 26867 27342 2 27416 27891
236 3 27017 27492 4 27520 27995
237 1 27121 27596 6 27657 28132
238 5 27238 27713 8 27761 28236
239 7 27342 27817 2 27891 28366
240 3 27492 27967 4 27995 28470
241 1 27596 28071 6 28132 28607
242 5 27713 28188 8 28236 28711
