1 1 0 572
2 2 27 624
3 3 77 699
4 4 104 751
5 5 154 826
6 6 181 878
7 7 231 953
8 8 258 1005
9 1 572 1144
10 2 624 1201
11 3 699 1276
12 4 751 1328
13 5 826 1403
14 6 878 1455
15 7 953 1530
16 8 1005 1582
17 1 1144 1716
18 2 1201 1778
19 3 1276 1853
20 4 1328 1905
21 5 1403 1980
22 6 1455 2032
23 7 1530 2107
24 8 1582 2159
25 1 1716 2288
26 2 1778 2355
27 3 1853 2430
28 4 1905 2482
29 5 1980 2557
30 6 2032 2609
31 7 2107 2684
32 8 2159 2736
33 1 2288 2860
34 2 2355 2932
35 3 2430 3007
36 4 2482 3059
37 5 2557 3134
38 6 2609 3186
39 7 2684 3261
40 8 2736 3313
41 1 2860 3432
42 2 2932 3509
43 3 3007 3584
44 4 3059 3636
45 5 3134 3711
46 6 3186 3763
47 7 3261 3838
48 8 3313 3890
49 1 3432 4004
50 2 3509 4086
51 3 3584 4161
52 4 3636 4213
53 5 3711 4288
54 6 3763 4340
55 7 3838 4415
56 8 3890 4467
57 1 4004 4576
58 2 4086 4663
59 3 4161 4738
60 4 4213 4790
61 5 4288 4865
62 6 4340 4917
63 7 4415 4992
64 8 4467 5044
65 1 4576 5148
66 2 4663 5240
67 3 4738 5315
68 4 4790 5367
69 5 4865 5442
70 6 4917 5494
71 7 4992 5569
72 8 5044 5621
73 1 5148 5724
74 2 5240 5817
75 3 5315 5892
76 4 5367 5944
77 5 5442 6019
78 6 5494 6071
79 7 5569 6146
80 8 5621 6198
81 1 5724 6301
82 2 5817 6394
83 3 5892 6469
84 4 5944 6521
85 5 6019 6596
86 6 6071 6648
87 7 6146 6723
88 8 6198 6775
89 1 6301 6878
90 2 6394 6971
91 3 6469 7046
92 4 6521 7098
93 5 6596 7173
94 6 6648 7225
95 7 6723 7300
96 8 6775 7352
97 1 6878 7455
98 2 6971 7548
99 3 7046 7623
100 4 7098 7675
101 5 7173 7750
102 6 7225 7802
103 7 7300 7877
104 8 7352 7929
105 1 7455 8032
106 2 7548 8125
107 3 7623 8200
108 4 7675 8252
109 5 7750 8327
110 6 7802 8379
111 7 7877 8454
112 8 7929 8506
113 1 8032 8609
114 2 8125 8702
115 3 8200 8777
116 4 8252 8829
117 5 8327 8904
118 6 8379 8956
119 7 8454 9031
120 8 8506 9083
121 1 8609 9186
122 2 8702 9279
123 3 8777 9354
124 4 8829 9406
125 5 8904 9481
126 6 8956 9533
127 7 9031 9608
128 8 9083 9660
129 1 9186 9763
130 2 9279 9856
131 3 9354 9931
132 4 9406 9983
133 5 9481 10058
134 6 9533 10110
135 7 9608 10185
136 8 9660 10237
137 1 9763 10340
138 2 9856 10433
139 3 9931 10508
140 4 9983 10560
141 5 10058 10635
142 6 10110 10687
143 7 10185 10762
144 8 10237 10814
145 1 10340 10917
146 2 10433 11010
147 3 10508 11085
148 4 10560 11137
149 5 10635 11212
150 6 10687 11264
151 7 10762 11339
152 8 10814 11391
153 1 10917 11494
154 2 11010 11587
155 3 11085 11662
156 4 11137 11714
157 5 11212 11789
158 6 11264 11841
159 7 11339 11916
160 8 11391 11968
161 1 11494 12071
162 2 11587 12164
163 3 11662 12239
164 4 11714 12291
165 5 11789 12366
166 6 11841 12418
167 7 11916 12493
168 8 11968 12545
169 1 12071 12648
170 2 12164 12741
171 3 12239 12816
172 4 12291 12868
173 5 12366 12943
174 6 12418 12995
175 7 12493 13070
176 8 12545 13122
177 1 12648 13225
178 2 12741 13318
179 3 12816 13393
180 4 12868 13445
181 5 12943 13520
182 6 12995 13572
183 7 13070 13647
184 8 13122 13699
185 1 13225 13802
186 2 13318 13895
187 3 13393 13970
188 4 13445 14022
189 5 13520 14097
190 6 13572 14149
191 7 13647 14224
192 8 13699 14276
193 1 13802 14379
194 2 13895 14472
195 3 13970 14547
196 4 14022 14599
197 5 14097 14674
198 6 14149 14726
199 7 14224 14801
200 8 14276 14853
201 1 14379 14956
202 2 14472 15049
203 3 14547 15124
204 4 14599 15176
205 5 14674 15251
206 6 14726 15303
207 7 14801 15378
208 8 14853 15430
209 1 14956 15533
210 2 15049 15626
211 3 15124 15701
212 4 15176 15753
213 5 15251 15828
214 6 15303 15880
215 7 15378 15955
216 8 15430 16007
217 1 15533 16110
218 2 15626 16203
219 3 15701 16278
220 4 15753 16330
221 5 15828 16405
222 6 15880 16457
223 7 15955 16532
224 8 16007 16584
225 1 16110 16687
226 2 16203 16780
227 3 16278 16855
228 4 16330 16907
229 5 16405 16982
230 6 16457 17034
231 7 16532 17109
232 8 16584 17161
233 1 16687 17264
234 2 16780 17357
235 3 16855 17432
236 4 16907 17484
237 5 16982 17559
238 6 17034 17611
239 7 17109 17686
240 8 17161 17738
241 1 17264 17841
242 2 17357 17934
243 3 17432 18009
244 4 17484 18061
245 5 17559 18136
246 6 17611 18188
247 7 17686 18263
248 8 17738 18315
249 1 17841 18418
250 2 17934 18511
251 3 18009 18586
252 4 18061 18638
253 5 18136 18713
254 6 18188 18765
255 7 18263 18840
256 8 18315 18892
257 1 18418 18995
258 2 18511 19088
259 3 18586 19163
260 4 18638 19215
261 5 18713 19290
262 6 18765 19342
263 7 18840 19417
264 8 18892 19469
265 1 18995 19572
266 2 19088 19665
267 3 19163 19740
268 4 19215 19792
269 5 19290 19867
270 6 19342 19919
271 7 19417 19994
272 8 19469 20046
273 1 19572 20149
274 2 19665 20242
275 3 19740 20317
276 4 19792 20369
277 5 19867 20444
278 6 19919 20496
279 7 19994 20571
280 8 20046 20623
281 1 20149 20726
282 2 20242 20819
283 3 20317 20894
284 4 20369 20946
285 5 20444 21021
286 6 20496 21073
287 7 20571 21148
288 8 20623 21200
289 1 20726 21303
290 2 20819 21396
291 3 20894 21471
292 4 20946 21523
293 5 21021 21598
294 6 21073 21650
295 7 21148 21725
296 8 21200 21777
297 1 21303 21880
298 2 21396 21973
299 3 21471 22048
300 4 21523 22100
301 5 21598 22175
302 6 21650 22227
303 7 21725 22302
304 8 21777 22354
305 1 21880 22457
306 2 21973 22550
307 3 22048 22625
308 4 22100 22677
309 5 22175 22752
310 6 22227 22804
311 7 22302 22879
312 8 22354 22931
313 1 22457 23034
314 2 22550 23127
315 3 22625 23202
316 4 22677 23254
317 5 22752 23329
318 6 22804 23381
319 7 22879 23456
320 8 22931 23508
321 1 23034 23611
322 2 23127 23704
323 3 23202 23779
324 4 23254 23831
325 5 23329 23906
326 6 23381 23958
327 7 23456 24033
328 8 23508 24085
329 1 23611 24188
330 2 23704 24281
331 3 23779 24356
332 4 23831 24408
333 5 23906 24483
334 6 23958 24535
335 7 24033 24610
336 8 24085 24662
337 1 24188 24765
338 2 24281 24858
339 3 24356 24933
340 4 24408 24985
341 5 24483 25060
342 6 24535 25112
343 7 24610 25187
344 8 24662 25239
345 1 24765 25342
346 2 24858 25435
347 3 24933 25510
348 4 24985 25562
349 5 25060 25637
350 6 25112 25689
351 7 25187 25764
352 8 25239 25816
353 1 25342 25919
354 2 25435 26012
355 3 25510 26087
356 4 25562 26139
357 5 25637 26214
358 6 25689 26266
359 7 25764 26341
360 8 25816 26393
361 1 25919 26496
362 2 26012 26589
363 3 26087 26664
364 4 26139 26716
365 5 26214 26791
366 6 26266 26843
367 7 26341 26918
368 8 26393 26970
369 1 26496 27073
370 2 26589 27166
371 3 26664 27241
372 4 26716 27293
373 5 26791 27368
374 6 26843 27420
375 7 26918 27495
376 8 26970 27547
377 1 27073 27650
378 2 27166 27743
379 3 27241 27818
380 4 27293 27870
381 5 27368 27945
382 6 27420 27997
383 7 27495 28072
384 8 27547 28124
385 1 27650 28227
386 2 27743 28320
387 3 27818 28395
388 4 27870 28447
389 5 27945 28522
390 6 27997 28574
391 7 28072 28649
392 8 28124 28701
